,0,1,2,3,4,5,6,7,8,9,10,11,12,13,14,15
0,0.36288088642659283,0.034444444444444444,0.0,0.7139744333113757,0.6565656565656566,0.005438701498235015,0.23629242819843344,0.0332,0.06060606060606061,0.5670604586518416,0.6565656565656566,0.0,0.6195652173913043,0.6035087719298246,0.5052742616033755,0.48792270531400966
1,0.37396121883656513,0.035555555555555556,0.0,0.736451104804538,0.6262626262626263,0.002318753151760509,0.22976501305483032,0.0344,0.5858585858585859,0.5684503127171647,0.6262626262626263,0.0,0.6304347826086957,0.6105263157894736,0.5021097046413502,0.4830917874396135
2,0.3698060941828255,0.03666666666666667,0.0,0.7334026847166463,0.6464646464646465,0.002026552551335404,0.2232375979112272,0.0356,0.6262626262626263,0.5649756775538569,0.6464646464646465,0.0,0.6376811594202898,0.6175438596491227,0.4957805907172996,0.4782608695652174
3,0.37534626038781166,0.03833333333333333,0.0,0.07831344776777048,0.6767676767676768,0.013134888280399467,0.21671018276762405,0.037200000000000004,0.6767676767676768,0.592077831827658,0.6767676767676768,0.0,0.644927536231884,0.6280701754385964,0.48839662447257387,0.4734299516908213
4,0.3795013850415513,0.03944444444444444,0.0,0.7108839675399029,0.686868686868687,0.014200006598078074,0.21148825065274152,0.0388,0.686868686868687,0.546907574704656,0.686868686868687,0.0,0.6557971014492754,0.6350877192982456,0.4789029535864979,0.45893719806763283
5,0.3850415512465374,0.04111111111111111,0.0,0.7981107119861771,0.6666666666666667,0.009373983778153764,0.20496083550913838,0.0408,0.6666666666666667,0.6393328700486449,0.6666666666666667,0.0,0.6630434782608695,0.6421052631578946,0.47257383966244726,0.4444444444444444
6,0.3878116343490305,0.042777777777777776,0.0,0.5685604037923923,0.6363636363636365,0.01348364383574556,0.19843342036553524,0.0424,0.6363636363636365,0.6546212647671995,0.6363636363636365,0.0,0.6702898550724639,0.6526315789473683,0.4578059071729958,0.42995169082125606
7,0.3961218836565097,0.044444444444444446,0.0011198208286674134,0.25916692959730353,0.6464646464646465,0.007535947743221654,0.1919060052219321,0.044000000000000004,0.6464646464646465,0.5788742182070883,0.6464646464646465,0.0,0.677536231884058,0.6596491228070175,0.45675105485232065,0.42028985507246375
8,0.407202216066482,0.04555555555555556,0.0005599104143337066,0.10928189624970998,0.6363636363636365,0.005377433630403944,0.185378590078329,0.045200000000000004,0.6363636363636365,0.46768589298123703,0.6363636363636365,0.0,0.6847826086956522,0.6666666666666666,0.43776371308016876,0.4057971014492754
9,0.407202216066482,0.04666666666666667,0.0011198208286674134,0.17199900701858695,0.6464646464646465,0.009378696691063846,0.17885117493472585,0.046400000000000004,0.5858585858585859,0.5163307852675469,0.5858585858585859,0.0,0.6920289855072463,0.6736842105263158,0.4272151898734177,0.3913043478260869
10,0.40166204986149584,0.04722222222222222,0.0005599104143337066,0.13909430594210356,0.6666666666666667,0.006107935131466706,0.17232375979112272,0.0472,0.5858585858585859,0.6045865184155663,0.5858585858585859,0.0,0.6956521739130435,0.6807017543859648,0.4177215189873418,0.3816425120772947
11,0.40443213296398894,0.04833333333333333,0.0005599104143337066,0.15321349646111398,0.6767676767676768,0.002196217416098368,0.1671018276762402,0.048,0.05050505050505051,0.6108408617095205,0.05050505050505051,0.0,0.7028985507246377,0.687719298245614,0.40189873417721517,0.32850241545893716
12,0.407202216066482,0.04833333333333333,0.0,0.11107382077478081,0.6565656565656566,0.003760904502245703,0.1618798955613577,0.0488,0.4141414141414142,0.6129256428075053,0.4141414141414142,0.0,0.7101449275362318,0.6947368421052631,0.39345991561181437,0.3140096618357488
13,0.0027700831024930752,0.04888888888888889,0.0,0.1691526439642218,0.6464646464646465,0.011716301494464685,0.1566579634464752,0.0488,0.36363636363636365,0.5392633773453788,0.36363636363636365,0.0,0.717391304347826,0.0736842105263158,0.359704641350211,0.2995169082125604
14,0.4362880886426593,0.04888888888888889,0.0,0.010592207408764126,0.6363636363636365,0.04129454291814142,0.1514360313315927,0.0488,0.3535353535353536,0.5420430854760251,0.33333333333333337,0.0,0.07246376811594203,0.08070175438596491,0.35864978902953587,0.28502415458937197
15,0.44321329639889195,0.04888888888888889,0.0,0.00010442191653499866,0.6262626262626263,0.03078474712865781,0.14621409921671016,0.0488,0.24242424242424243,0.5698401667824878,0.24242424242424243,0.0,0.07971014492753623,0.08421052631578947,0.3565400843881857,0.26570048309178745
16,0.10110803324099724,0.0,0.25699888017917133,0.36557850455688506,1.0,0.0,0.7441253263707572,0.0,1.0,0.41695621959694235,1.0,0.0,0.03985507246376811,0.042105263157894736,0.8037974683544303,0.6859903381642511
17,0.009695290858725761,0.0,0.251959686450168,0.4294577558844175,0.98989898989899,0.0,0.7336814621409923,0.0004,0.98989898989899,0.4086170952050035,0.98989898989899,0.0,0.03985507246376811,0.042105263157894736,0.8027426160337553,0.6859903381642511
18,0.1149584487534626,0.0,0.26595744680851063,0.43158918485806574,1.0,0.0,0.7245430809399479,0.0004,1.0,0.39332870048644897,1.0,0.0,0.043478260869565216,0.045614035087719294,0.8006329113924051,0.6859903381642511
19,0.11772853185595568,0.0,0.28723404255319146,0.4131250933046584,1.0,4.241621619074101e-05,0.7154046997389034,0.0004,1.0,0.38846421125781794,1.0,0.0,0.043478260869565216,0.045614035087719294,0.7932489451476793,0.6859903381642511
20,0.12049861495844875,0.0,0.30011198208286677,0.0004377845298860738,1.0,0.00013196156148230539,0.7062663185378592,0.0004,1.0,0.3968033356497568,1.0,0.0,0.04710144927536231,0.04912280701754386,0.7784810126582279,0.6425120772946861
21,0.12465373961218836,0.0005555555555555556,0.2950727883538634,0.4189188697661857,1.0,4.712912910082335e-05,0.6958224543080941,0.0004,1.0,0.3710910354412787,1.0,0.0,0.04710144927536231,0.04912280701754386,0.7647679324894514,0.6038647342995169
22,0.12465373961218836,0.0005555555555555556,0.3236282194848824,0.3486312612991026,0.98989898989899,0.0,0.6853785900783291,0.0004,0.98989898989899,0.40236275191104937,0.98989898989899,0.0,0.050724637681159424,0.052631578947368425,0.760548523206751,0.5893719806763285
23,0.0,0.0005555555555555556,0.3135498320268757,0.36682601899910483,1.0,0.0,0.6736292428198435,0.0004,1.0,0.40792216817234195,1.0,0.0,0.05434782608695653,0.052631578947368425,0.7521097046413502,0.5797101449275363
24,0.0110803324099723,0.0005555555555555556,0.31187010078387456,0.3229985333971191,0.98989898989899,0.00010368408402181136,0.6618798955613578,0.0004,1.0,0.42390548992355803,0.98989898989899,0.0,0.05434782608695653,0.056140350877192984,0.7415611814345991,0.5603864734299516
25,0.13573407202216067,0.0005555555555555556,0.2967525195968645,0.003307612405784725,0.98989898989899,0.00032047807788559876,0.06266318537859009,0.0004,0.9797979797979799,0.4072272411396804,0.9797979797979799,0.0,0.057971014492753624,0.05964912280701755,0.7341772151898733,0.5507246376811594
26,0.019390581717451522,0.0005555555555555556,0.2883538633818589,0.27037738974370584,0.98989898989899,2.8277477460494007e-05,0.6383812010443864,0.0004,0.9797979797979799,0.4252953439888812,0.98989898989899,0.0,0.06159420289855072,0.05964912280701755,0.7225738396624473,0.5217391304347826
27,0.0221606648199446,0.0005555555555555556,0.2536394176931691,0.0002222094890099377,1.0,3.2990390370576346e-05,0.6253263707571802,0.0004,0.98989898989899,0.44336344683808204,0.9797979797979799,0.0,0.06159420289855072,0.06315789473684211,0.7183544303797469,0.5265700483091788
28,0.023545706371191136,0.0005555555555555556,0.23964165733482645,0.14743618667281017,0.9797979797979799,3.770330328065868e-05,0.612271540469974,0.0004,0.9797979797979799,0.43571924947880475,0.9797979797979799,0.0,0.06521739130434782,0.06666666666666667,0.7109704641350212,0.5169082125603864
29,0.019390581717451522,0.0005555555555555556,0.20828667413213886,0.10468967408719929,0.9696969696969697,7.540660656131736e-05,0.5992167101827677,0.0004,0.98989898989899,0.43780403057678946,0.98989898989899,0.0,0.06884057971014493,0.07017543859649122,0.7067510548523207,0.5169082125603864
30,0.018005540166204984,0.0005555555555555556,0.2374020156774916,0.9636459115613937,0.9696969696969697,8.483243238148202e-05,0.587467362924282,0.0004,0.9797979797979799,0.41695621959694235,0.9797979797979799,0.0,0.07246376811594203,0.07017543859649122,0.6983122362869199,0.5120772946859903
31,0.013850415512465374,0.0005555555555555556,0.20436730123180294,0.9186313261130582,0.9696969696969697,0.0031199483464745058,0.5744125326370758,0.0004,0.9797979797979799,0.43502432244614314,0.9797979797979799,0.0,0.07246376811594203,0.0736842105263158,0.6919831223628692,0.5169082125603864
32,0.02493074792243767,0.011666666666666667,0.0,0.0,0.9595959595959597,0.00029691351333518707,0.7637075718015667,0.009600000000000001,0.9595959595959597,0.5010423905489924,0.9595959595959597,0.0,0.21376811594202902,0.19999999999999998,0.7837552742616034,0.6956521739130435
33,0.013850415512465374,0.011666666666666667,0.0,0.05432696839704666,0.9595959595959597,0.0,0.7493472584856398,0.009600000000000001,0.9595959595959597,0.5010423905489924,0.9595959595959597,0.0,0.21376811594202902,0.19999999999999998,0.7816455696202531,0.6956521739130435
34,0.15373961218836565,0.011666666666666667,0.02911534154535275,0.5453506782169754,0.9595959595959597,0.00011782282275205837,0.7336814621409923,0.009600000000000001,0.9595959595959597,0.4947880472550383,0.9595959595959597,0.0,0.21014492753623193,0.19999999999999998,0.7774261603375527,0.6956521739130435
35,0.1551246537396122,0.011666666666666667,0.03639417693169093,0.5568449862677987,0.9595959595959597,8.483243238148202e-05,0.7193211488250654,0.009600000000000001,0.9595959595959597,0.4266851980542043,0.9595959595959597,0.0,0.21014492753623193,0.19999999999999998,0.7721518987341772,0.6956521739130435
36,0.1592797783933518,0.011666666666666667,0.03079507278835387,0.5098433815500012,0.9595959595959597,0.0005278462459292215,0.7049608355091385,0.009600000000000001,0.9595959595959597,0.3676164002779708,0.9595959595959597,0.0,0.21014492753623193,0.19999999999999998,0.7637130801687764,0.6763285024154589
37,0.16343490304709143,0.011666666666666667,0.024636058230683093,0.4314295289947424,0.9595959595959597,0.00048543002973848047,0.6906005221932116,0.009600000000000001,0.9595959595959597,0.35580264072272416,0.9595959595959597,0.0,0.21014492753623193,0.19999999999999998,0.7531645569620253,0.6570048309178743
38,0.1689750692520776,0.011111111111111112,0.027435610302351626,0.3526455759013891,0.9494949494949496,0.0005042816813788098,0.6762402088772846,0.0092,0.9494949494949496,0.37248088950660185,0.9595959595959597,0.0,0.21376811594202902,0.20350877192982456,0.7436708860759493,0.6328502415458936
39,0.1731301939058172,0.011111111111111112,0.0251959686450168,0.43158393108832066,0.9191919191919192,0.0010227021014878666,0.6631853785900784,0.0092,0.9292929292929294,0.29186935371785966,0.9393939393939394,0.0,0.21376811594202902,0.20350877192982456,0.7352320675105485,0.608695652173913
40,0.1772853185595568,0.011111111111111112,0.024076147816349387,0.3208533947999172,0.09090909090909091,0.0,0.06266318537859009,0.0092,0.9595959595959597,0.26546212647671996,0.9595959595959597,0.0,0.21376811594202902,0.20350877192982456,0.7278481012658228,0.5942028985507246
41,0.18144044321329642,0.011111111111111112,0.01959686450167973,0.2706868823669162,0.08080808080808081,0.004448989787117724,0.6370757180156659,0.0092,0.9595959595959597,0.2334954829742877,0.9595959595959597,0.0,0.21739130434782608,0.2070175438596491,0.7236286919831224,0.5942028985507246
42,0.18698060941828257,0.010555555555555556,0.027435610302351626,0.25531359304019835,0.8383838383838385,0.010849125519009534,0.6253263707571802,0.0088,0.888888888888889,0.2251563585823489,0.888888888888889,0.0,0.21739130434782608,0.2070175438596491,0.7172995780590717,0.5797101449275363
43,0.018005540166204984,0.010555555555555556,0.024636058230683093,0.022075799275793496,0.8181818181818182,0.015500770561260799,0.612271540469974,0.0092,0.8686868686868687,0.24600416956219598,0.8686868686868687,0.0,0.22101449275362323,0.21052631578947364,0.709915611814346,0.5652173913043478
44,0.20083102493074795,0.011111111111111112,0.01847704367301232,0.0250598762850522,0.0,0.07245632307960581,0.6005221932114884,0.0092,0.8787878787878789,0.25017373175816543,0.8787878787878789,0.0,0.22463768115942032,0.21052631578947364,0.699367088607595,0.5555555555555556
45,0.1994459833795014,0.011111111111111112,0.01959686450167973,0.1487574631367567,0.0,0.027627095478902648,0.5887728459530027,0.0092,0.8686868686868687,0.2592077831827658,0.8686868686868687,0.0,0.22463768115942032,0.21403508771929822,0.6888185654008439,0.536231884057971
46,0.1994459833795014,0.011111111111111112,0.012318029115341547,0.1482306809433624,0.0,0.012658884076481152,0.5783289817232377,0.009600000000000001,0.8989898989898991,0.26685198054204307,0.8989898989898991,0.0,0.22826086956521743,0.2175438596491228,0.679324894514768,0.5265700483091788
47,0.1994459833795014,0.011666666666666667,0.01343784994400896,0.15471124734227912,0.0,0.0,0.566579634464752,0.01,0.8686868686868687,0.24252953439888814,0.8686868686868687,0.0,0.23188405797101452,0.22105263157894736,0.6708860759493671,0.5169082125603864
48,0.4626038781163435,0.03666666666666667,0.4658454647256439,0.0,0.6464646464646465,0.0005561237233897155,0.29112271540469975,0.0392,0.07070707070707072,0.23002084781097987,0.6464646464646465,0.03564356435643564,0.29710144927536236,0.2842105263157894,0.560126582278481,0.5507246376811594
49,0.4806094182825485,0.03722222222222222,0.4658454647256439,0.0024005225305172993,0.6464646464646465,0.05513636813505324,0.283289817232376,0.040400000000000005,0.686868686868687,0.23002084781097987,0.6464646464646465,0.03762376237623762,0.30434782608695654,0.28771929824561404,0.5559071729957806,0.5507246376811594
50,0.4903047091412743,0.03833333333333333,0.4529675251959686,0.3601800953284285,0.7777777777777778,0.040168156732631737,0.27545691906005226,0.042,0.6767676767676768,0.296038915913829,0.7777777777777778,0.04356435643564356,0.3079710144927536,0.29473684210526313,0.5516877637130801,0.5507246376811594
51,0.49445983379501385,0.04,0.46080627099664057,0.256545875045926,0.7575757575757577,0.02101016575314705,0.26762402088772846,0.044000000000000004,0.7575757575757577,0.2293259207783183,0.7575757575757577,0.04950495049504951,0.31521739130434784,0.2982456140350877,0.5358649789029536,0.497584541062802
52,0.4986149584487535,0.041666666666666664,0.45072788353863386,0.24028791403833527,0.7272727272727273,0.0068290108067093035,0.26109660574412535,0.046,0.7373737373737375,0.23488533703961084,0.7171717171717172,0.047524752475247525,0.31884057971014496,0.30526315789473685,0.5221518987341772,0.45410628019323673
53,0.5041551246537396,0.043333333333333335,0.43617021276595747,0.19197052952717014,0.7777777777777778,0.005608366362997978,0.018276762402088774,0.048400000000000006,0.8181818181818182,0.23558026407227242,0.7777777777777778,0.047524752475247525,0.32608695652173914,0.31228070175438594,0.5147679324894515,0.43478260869565216
54,0.5096952908587258,0.045,0.3919372900335946,0.21327487765806444,0.6161616161616162,0.013229146538601114,0.2454308093994778,0.050800000000000005,0.6363636363636365,0.3036831132731064,0.06060606060606061,0.047524752475247525,0.33333333333333337,0.319298245614035,0.5063291139240507,0.4106280193236715
55,0.5124653739612188,0.04666666666666667,0.3952967525195969,0.25032327804684884,0.696969696969697,0.0012489219211718188,0.2389033942558747,0.053200000000000004,0.6565656565656566,0.26685198054204307,0.696969696969697,0.04950495049504951,0.34057971014492755,0.32631578947368417,0.4936708860759494,0.3913043478260869
56,0.518005540166205,0.04833333333333333,0.35498320268756994,0.1851268400042535,0.7373737373737375,0.004778893690823487,0.23237597911227156,0.055200000000000006,0.7575757575757577,0.23488533703961084,0.7373737373737375,0.04950495049504951,0.3442028985507246,0.3333333333333333,0.4789029535864979,0.3719806763285024
57,0.5263157894736842,0.05,0.32642777155655095,0.2512835492817353,0.0,0.0036053783762129863,0.2245430809399478,0.0572,0.36363636363636365,0.31549687282835304,0.3434343434343435,0.047524752475247525,0.35144927536231885,0.33684210526315783,0.4630801687763713,0.34782608695652173
58,0.5277008310249308,0.051111111111111114,0.28163493840985443,0.9835375405300487,0.0,0.0012159315308012423,0.21801566579634465,0.0592,0.393939393939394,0.2849200833912439,0.38383838383838387,0.04950495049504951,0.03260869565217391,0.343859649122807,0.44936708860759494,0.32850241545893716
59,0.5332409972299169,0.052222222222222225,0.19708846584546472,0.008881433598204733,0.0,0.00013667447439238772,0.21148825065274152,0.0608,0.04040404040404041,0.32731063238359975,0.04040404040404041,0.047524752475247525,0.03985507246376811,0.03508771929824562,0.43776371308016876,0.3091787439613527
60,0.53601108033241,0.05277777777777778,0.19484882418812993,0.3599288649492879,0.0,0.005636643840458472,0.206266318537859,0.062,0.04040404040404041,0.30646282140375264,0.04040404040404041,0.04554455445544554,0.04710144927536231,0.042105263157894736,0.42827004219409287,0.28502415458937197
61,0.5401662049861496,0.05333333333333333,0.15733482642777155,0.002407767486107514,0.0,0.05629574471093349,0.1997389033942559,0.06280000000000001,0.37373737373737376,0.2522585128561501,0.4141414141414142,0.04356435643564356,0.050724637681159424,0.04912280701754386,0.4229957805907173,0.26570048309178745
62,0.05955678670360111,0.05388888888888889,0.14389697648376262,0.3041011909952846,0.0,0.0426330101846048,0.19321148825065276,0.0636,0.4141414141414142,0.37387074357192496,0.38383838383838387,0.039603960396039604,0.057971014492753624,0.056140350877192984,0.41244725738396626,0.24637681159420288
63,0.06509695290858726,0.05388888888888889,0.10302351623740202,0.15907743420244144,0.0,0.0104579537474727,0.18798955613577026,0.064,0.030303030303030304,0.1938846421125782,0.2828282828282829,0.03762376237623762,0.06521739130434782,0.06315789473684211,0.4029535864978903,0.2222222222222222
64,0.01662049861495845,0.0,0.4787234042553192,0.0,1.0,0.0,0.6096605744125327,0.0,0.8686868686868687,0.3849895760945101,1.0,0.0019801980198019802,0.11594202898550725,0.11228070175438595,0.8270042194092827,0.6714975845410628
65,0.18005540166204986,0.0,0.4787234042553192,0.24270048054376095,1.0,0.0,0.6005221932114884,0.0,0.9696969696969697,0.3849895760945101,1.0,0.0019801980198019802,0.11594202898550725,0.11228070175438595,0.8248945147679325,0.6714975845410628
66,0.18282548476454294,0.0,0.4798432250839866,0.19947220525569914,1.0,0.0,0.5926892950391646,0.0,0.98989898989899,0.37039610840861714,1.0,0.0019801980198019802,0.11594202898550725,0.11228070175438595,0.8238396624472574,0.6714975845410628
67,0.1842105263157895,0.0,0.4574468085106383,0.21597939233493207,0.98989898989899,0.0,0.5835509138381202,0.0,0.9797979797979799,0.3745656706045865,0.98989898989899,0.0019801980198019802,0.11594202898550725,0.11228070175438595,0.820675105485232,0.6666666666666667
68,0.18698060941828257,0.0,0.4384098544232923,0.18138685529982018,1.0,0.0,0.5757180156657965,0.0,1.0,0.3926337734537874,1.0,0.0,0.11594202898550725,0.11228070175438595,0.8248945147679325,0.6811594202898551
69,0.18975069252077564,0.0,0.4384098544232923,0.19872362645462965,0.98989898989899,0.0,0.566579634464752,0.0,1.0,0.3912439193884642,0.98989898989899,0.0,0.11594202898550725,0.11228070175438595,0.8259493670886077,0.6811594202898551
70,0.018005540166204984,0.0,0.43729003359462487,0.14960561395107455,0.98989898989899,0.0,0.5587467362924282,0.0,0.98989898989899,0.3377345378735233,1.0,0.0,0.11956521739130435,0.11228070175438595,0.8312236286919832,0.6859903381642511
71,0.1952908587257618,0.0,0.46248600223964165,0.1810750787076154,0.98989898989899,0.0,0.5509138381201045,0.0,1.0,0.32592077831827665,1.0,0.0,0.11956521739130435,0.11228070175438595,0.8291139240506329,0.6956521739130435
72,0.19806094182825487,0.0,0.48320268756998885,0.2583929295462118,0.9797979797979799,0.0,0.5430809399477808,0.0,0.98989898989899,0.29673384294649063,1.0,0.0,0.11956521739130435,0.11228070175438595,0.8238396624472574,0.7004830917874396
73,0.1994459833795014,0.0,0.49944008958566627,0.21667224557795875,1.0,0.0,0.535248041775457,0.0,1.0,0.3015983321751216,1.0,0.0,0.11956521739130435,0.11578947368421053,0.8154008438818565,0.7101449275362318
74,0.20221606648199447,0.0,0.4557670772676372,0.14580141938784685,1.0,0.0,0.5274151436031332,0.0,0.98989898989899,0.30646282140375264,1.0,0.0,0.12318840579710146,0.11578947368421053,0.0,0.0
75,0.20498614958448755,0.0,0.40705487122060474,0.2290074275347815,0.9797979797979799,0.0,0.04960835509138382,0.0,0.9797979797979799,0.2925642807505212,0.9797979797979799,0.0,0.12318840579710146,0.11578947368421053,0.0,0.0
76,0.20775623268698062,0.0,0.40033594624860025,0.11599794514068122,1.0,0.0,0.04046997389033942,0.0,1.0,0.3148019457956915,1.0,0.0,0.12318840579710146,0.11929824561403508,0.0,0.0
77,0.2105263157894737,0.0,0.40313549832026874,0.9289405185919719,1.0,0.0,0.5026109660574414,0.0,0.9393939393939394,0.30646282140375264,0.98989898989899,0.0,0.12681159420289856,0.11929824561403508,0.0,0.0
78,0.21191135734072022,0.0,0.41993281075027994,0.16403839315259228,0.9696969696969697,0.0,0.4947780678851175,0.0,1.0,0.31132731063238367,0.9797979797979799,0.0,0.12681159420289856,0.11929824561403508,0.0,0.0
79,0.2146814404432133,0.0,0.40649496080627096,0.011296075428321046,0.0,0.0,0.48563968668407315,0.0,0.9696969696969697,0.28700486448922863,0.9595959595959597,0.0,0.13043478260869568,0.12280701754385966,0.0,0.0
80,0.1592797783933518,0.0044444444444444444,0.44344904815229563,0.0,0.9494949494949496,0.0,0.8067885117493473,0.0036000000000000003,0.9393939393939394,0.33287004864489234,0.9494949494949496,0.0,0.03260869565217391,0.028070175438596492,0.871308016877637,0.8357487922705314
81,0.16204986149584488,0.0044444444444444444,0.44344904815229563,0.8487723863329419,0.9494949494949496,4.712912910082335e-06,0.7989556135770236,0.0036000000000000003,0.9292929292929294,0.33287004864489234,0.9494949494949496,0.0,0.03260869565217391,0.028070175438596492,0.870253164556962,0.8357487922705314
82,0.16343490304709143,0.0044444444444444444,0.4630459126539753,0.10034522239430349,0.9494949494949496,0.0,0.7911227154046999,0.004,1.0,0.3467685892981237,0.9494949494949496,0.0,0.03260869565217391,0.028070175438596492,0.8681434599156118,0.8357487922705314
83,0.015235457063711912,0.005,0.46696528555431127,0.11354316868059519,0.9191919191919192,9.42582582016467e-06,0.7832898172323761,0.004,1.0,0.3613620569840167,0.9191919191919192,0.0,0.03260869565217391,0.028070175438596492,0.8670886075949367,0.8309178743961352
84,0.015235457063711912,0.005,0.45352743561030234,0.15068160023837351,0.9191919191919192,1.4138738730247004e-05,0.07049608355091386,0.004,0.9393939393939394,0.40931202223766505,0.9191919191919192,0.0,0.03260869565217391,0.028070175438596492,0.860759493670886,0.8260869565217391
85,0.1662049861495845,0.005555555555555556,0.4557670772676372,0.01879210614147334,0.9494949494949496,8.011951947139969e-05,0.7676240208877285,0.0044,0.9595959595959597,0.4551772063933287,0.9494949494949496,0.0,0.03260869565217391,0.028070175438596492,0.8459915611814346,0.8115942028985508
86,0.1731301939058172,0.005555555555555556,0.4658454647256439,0.14003534794500563,0.9494949494949496,1.4138738730247004e-05,0.7597911227154048,0.0044,0.9797979797979799,0.5302293259207783,0.9494949494949496,0.0,0.03260869565217391,0.028070175438596492,0.8375527426160337,0.7971014492753623
87,0.1731301939058172,0.005555555555555556,0.47032474804031354,0.014160722254476798,0.8989898989898991,0.0,0.751958224543081,0.0044,0.9494949494949496,0.462821403752606,0.9393939393939394,0.0,0.03260869565217391,0.028070175438596492,0.8354430379746836,0.7874396135265701
88,0.1772853185595568,0.005555555555555556,0.4563269876819709,0.11074865999605706,0.8585858585858587,0.0,0.7441253263707572,0.0048000000000000004,0.9292929292929294,0.45100764419735934,0.9191919191919192,0.0,0.036231884057971016,0.028070175438596492,0.8312236286919832,0.7874396135265701
89,0.17451523545706374,0.006111111111111111,0.4333706606942889,0.9627662196981914,0.8484848484848485,0.0,0.7375979112271541,0.0048000000000000004,0.9292929292929294,0.4642112578179291,0.9191919191919192,0.0,0.036231884057971016,0.028070175438596492,0.8248945147679325,0.7777777777777778
90,0.17451523545706374,0.006111111111111111,0.4210526315789474,0.9632549014183716,0.888888888888889,0.0,0.7297650130548303,0.0048000000000000004,0.9595959595959597,0.4760250173731758,0.98989898989899,0.0,0.036231884057971016,0.031578947368421054,0.8227848101265823,0.7874396135265701
91,0.01662049861495845,0.006111111111111111,0.42665173572228443,0.7205554367510049,0.8181818181818182,0.0,0.7219321148825066,0.0048000000000000004,0.9191919191919192,0.47533009034051427,0.98989898989899,0.0,0.036231884057971016,0.031578947368421054,0.8175105485232068,0.7874396135265701
92,0.1883656509695291,0.006111111111111111,0.42609182530795076,0.5767985653662544,0.7373737373737375,0.0,0.714099216710183,0.005200000000000001,0.9595959595959597,0.571230020847811,0.9696969696969697,0.0,0.03985507246376811,0.031578947368421054,0.8122362869198312,0.7922705314009661
93,0.18975069252077564,0.006666666666666666,0.43673012318029114,0.47096409714538523,0.6666666666666667,0.0,0.7062663185378592,0.005200000000000001,0.9494949494949496,0.5774843641417652,0.9393939393939394,0.0,0.03985507246376811,0.031578947368421054,0.8185654008438819,0.7874396135265701
94,0.18975069252077564,0.006666666666666666,0.4339305711086226,0.12321619786595904,0.0,0.0,0.699738903394256,0.005200000000000001,0.8585858585858587,0.6518415566365533,0.8383838383838385,0.0,0.03985507246376811,0.03508771929824562,0.8132911392405063,0.7536231884057971
95,0.1883656509695291,0.006666666666666666,0.429451287793953,0.13512551165722173,0.0,2.8277477460494007e-05,0.6919060052219322,0.0056,0.888888888888889,0.6400277970813065,0.8383838383838385,0.0,0.03985507246376811,0.03508771929824562,0.8059071729957806,0.7246376811594203
96,0.16204986149584488,0.0005555555555555556,0.2183650615901456,0.0,0.9494949494949496,0.00015552612603271705,0.7036553524804179,0.0004,0.9696969696969697,0.31132731063238367,0.9494949494949496,0.0,0.07246376811594203,0.0736842105263158,0.7816455696202531,0.6135265700483091
97,0.015235457063711912,0.0005555555555555556,0.2183650615901456,0.29609733266749094,0.9393939393939394,6.126786783107035e-05,0.6932114882506528,0.0004,0.9595959595959597,0.31132731063238367,0.9393939393939394,0.0,0.07246376811594203,0.07017543859649122,0.7795358649789029,0.6135265700483091
98,0.1689750692520776,0.0005555555555555556,0.2116461366181411,0.279890955883934,0.9595959595959597,4.712912910082335e-05,0.6827676240208878,0.0004,0.9696969696969697,0.3161917998610146,0.9595959595959597,0.0,0.07246376811594203,0.07017543859649122,0.7763713080168776,0.6135265700483091
99,0.1662049861495845,0.0005555555555555556,0.2172452407614782,0.274605851831123,0.9595959595959597,0.0,0.6736292428198435,0.0004,0.9696969696969697,0.31132731063238367,0.9595959595959597,0.0,0.06884057971014493,0.07017543859649122,0.7721518987341772,0.6135265700483091
100,0.17590027700831026,0.0005555555555555556,0.2284434490481523,0.26142778945716605,0.9595959595959597,0.0,0.664490861618799,0.0004,0.9696969696969697,0.25781792911744267,0.9595959595959597,0.0,0.06884057971014493,0.07017543859649122,0.7689873417721519,0.6135265700483091
101,0.18144044321329642,0.0005555555555555556,0.23628219484882423,0.22469198701598303,0.9494949494949496,9.42582582016467e-06,0.6553524804177547,0.0004,0.9696969696969697,0.31688672689367614,0.9494949494949496,0.0,0.06884057971014493,0.07017543859649122,0.7594936708860759,0.5942028985507246
102,0.1883656509695291,0.0005555555555555556,0.2211646136618141,0.20151809026511686,0.9393939393939394,0.0,0.06135770234986946,0.0004,0.9494949494949496,0.3161917998610146,0.9393939393939394,0.0,0.06884057971014493,0.07017543859649122,0.7647679324894514,0.5748792270531401
103,0.018005540166204984,0.0005555555555555556,0.2211646136618141,0.0028936730250469344,0.8989898989898991,0.0,0.05352480417754569,0.0004,0.9191919191919192,0.2640722724113968,0.8989898989898991,0.0,0.06884057971014493,0.07017543859649122,0.760548523206751,0.5942028985507246
104,0.18144044321329642,0.0005555555555555556,0.22284434490481525,0.4464587406261334,0.8585858585858587,4.712912910082335e-06,0.6357702349869453,0.0004,0.09090909090909091,0.2995135510771369,0.888888888888889,0.0,0.06884057971014493,0.07017543859649122,0.7457805907172995,0.5652173913043478
105,0.19390581717451524,0.0005555555555555556,0.22396416573348266,0.24493947462081583,0.787878787878788,0.0006456690686812798,0.6292428198433422,0.0004,0.8787878787878789,0.31827658095899936,0.8787878787878789,0.0,0.06884057971014493,0.07017543859649122,0.729957805907173,0.5410628019323671
106,0.1883656509695291,0.0005555555555555556,0.2374020156774916,0.20251647449387908,0.9191919191919192,0.010750154347897806,0.6240208877284595,0.0004,0.9292929292929294,0.36483669214732456,0.09090909090909091,0.0,0.06884057971014493,0.07017543859649122,0.7162447257383967,0.5265700483091788
107,0.18144044321329642,0.0005555555555555556,0.21276595744680854,0.9790243555943825,0.9191919191919192,0.008403123718676802,0.6187989556135771,0.0004,0.9393939393939394,0.3822098679638638,0.9191919191919192,0.0,0.06884057971014493,0.07017543859649122,0.7046413502109705,0.5265700483091788
108,0.1842105263157895,0.0005555555555555556,0.1690929451287794,0.7353628069006697,0.9393939393939394,1.885165164032934e-05,0.6148825065274153,0.0004,0.9696969696969697,0.3863794301598332,0.9494949494949496,0.0,0.06884057971014493,0.07017543859649122,0.6930379746835443,0.5217391304347826
109,0.1842105263157895,0.0005555555555555556,0.1595744680851064,0.5727261501866799,0.9191919191919192,0.0001885165164032934,0.6109660574412533,0.0004,0.9696969696969697,0.3752605976372481,0.9494949494949496,0.0,0.07246376811594203,0.07017543859649122,0.680379746835443,0.5217391304347826
110,0.19390581717451524,0.0005555555555555556,0.1595744680851064,0.5328165524640751,0.696969696969697,0.0003251909907956811,0.6057441253263708,0.0004,0.9797979797979799,0.4127866574009729,0.9494949494949496,0.0,0.07246376811594203,0.07017543859649122,0.679324894514768,0.536231884057971
111,0.1952908587257618,0.0005555555555555556,0.16181410974244123,0.3281041211129504,0.5555555555555556,7.069369365123502e-05,0.6018276762402089,0.0004,0.9696969696969697,0.4343293954134816,0.9393939393939394,0.0,0.07246376811594203,0.0736842105263158,0.6740506329113924,0.5410628019323671
112,0.08033240997229917,0.0005555555555555556,0.5431131019036955,0.0,0.9393939393939394,0.00034875555534609275,0.8563968668407311,0.0004,0.9393939393939394,0.6546212647671995,0.9393939393939394,0.0,0.018115942028985504,0.017543859649122806,0.9883966244725739,0.9855072463768115
113,0.006925207756232688,0.0005555555555555556,0.5431131019036955,0.10787163975134663,0.9191919191919192,0.0016023903894279937,0.849869451697128,0.0004,0.9292929292929294,0.6546212647671995,0.9292929292929294,0.0,0.018115942028985504,0.017543859649122806,0.9873417721518988,0.9855072463768115
114,0.08310249307479224,0.0005555555555555556,0.5520716685330347,0.11754250616771969,0.9191919191919192,0.0007446402397930089,0.8420365535248043,0.0004,0.9191919191919192,0.65045170257123,0.9191919191919192,0.0,0.018115942028985504,0.017543859649122806,0.9841772151898734,0.9806763285024155
115,0.08310249307479224,0.0005555555555555556,0.561030235162374,0.11734362567610694,0.9191919191919192,0.0009378696691063846,0.8355091383812011,0.0004,0.9292929292929294,0.65045170257123,0.9292929292929294,0.0,0.018115942028985504,0.017543859649122806,0.9810126582278481,0.9710144927536233
116,0.08587257617728532,0.0005555555555555556,0.5761478163493842,0.11004424717747546,0.9292929292929294,0.0008954534529156436,0.8276762402088774,0.0004,0.9292929292929294,0.6393328700486449,0.9292929292929294,0.0,0.018115942028985504,0.017543859649122806,0.9778481012658228,0.9565217391304348
117,0.08725761772853186,0.0005555555555555556,0.5884658454647257,0.8890457482374172,0.9292929292929294,0.0003299039037057634,0.8211488250652742,0.0004,0.9292929292929294,0.6393328700486449,0.9292929292929294,0.0,0.021739130434782608,0.017543859649122806,0.9778481012658228,0.9420289855072463
118,0.09002770083102493,0.0005555555555555556,0.5940649496080628,0.7184130445859518,0.9494949494949496,0.0004901429426485628,0.8146214099216711,0.0004,0.9292929292929294,0.660180681028492,0.9292929292929294,0.0,0.021739130434782608,0.017543859649122806,0.9757383966244726,0.9227053140096619
119,0.09002770083102493,0.0005555555555555556,0.6019036954087347,0.8561420370945174,0.9494949494949496,0.0003063393391553518,0.808093994778068,0.0004,0.9292929292929294,0.610145934676859,0.9292929292929294,0.0,0.021739130434782608,0.017543859649122806,0.9715189873417722,0.9227053140096619
120,0.09002770083102493,0.0005555555555555556,0.5907054871220606,0.8740409472884146,0.9494949494949496,5.184204201090568e-05,0.8028720626631854,0.0008,0.9292929292929294,0.5927727588603197,0.9292929292929294,0.0,0.021739130434782608,0.017543859649122806,0.9683544303797469,0.9178743961352657
121,0.09002770083102493,0.0005555555555555556,0.576707726763718,0.6197288752532715,0.9595959595959597,0.0,0.7963446475195823,0.0008,0.9292929292929294,0.5899930507296735,0.9292929292929294,0.0,0.021739130434782608,0.017543859649122806,0.9651898734177216,0.9806763285024155
122,0.09141274238227147,0.0005555555555555556,0.5761478163493842,0.5800904260786719,0.9595959595959597,4.712912910082335e-05,0.7898172323759792,0.0008,0.9292929292929294,0.5872133425990271,0.9292929292929294,0.0,0.021739130434782608,0.017543859649122806,0.959915611814346,0.9806763285024155
123,0.09418282548476455,0.0005555555555555556,0.5503919372900337,0.0589541229047422,0.9595959595959597,0.0003299039037057634,0.07702349869451698,0.0004,0.9292929292929294,0.595552466990966,0.9292929292929294,0.0,0.021739130434782608,0.017543859649122806,0.9578059071729959,1.0
124,0.09695290858725762,0.0005555555555555556,0.5576707726763719,0.38358808798320826,0.9595959595959597,0.0004288750748174925,0.06919060052219322,0.0004,0.9292929292929294,0.5781792911744268,0.9393939393939394,0.0,0.021739130434782608,0.021052631578947364,0.9546413502109705,0.995169082125604
125,0.0997229916897507,0.0005555555555555556,0.5503919372900337,0.046463856328039635,0.9595959595959597,0.00015081321312263471,0.7650130548302874,0.0008,0.9292929292929294,0.5830437804030577,0.9292929292929294,0.0,0.021739130434782608,0.021052631578947364,0.9514767932489452,0.9710144927536233
126,0.10249307479224376,0.0005555555555555556,0.5330347144456887,0.3069366197058491,0.9494949494949496,0.0006645207203216093,0.7571801566579636,0.0008,0.9191919191919192,0.5684503127171647,0.9292929292929294,0.0,0.021739130434782608,0.021052631578947364,0.9483122362869199,0.9903381642512077
127,0.10664819944598337,0.0005555555555555556,0.568868980963046,0.003477612338841255,0.0,0.0005089945942888922,0.7467362924281986,0.0008,0.09090909090909091,0.6115357887421822,0.09090909090909091,0.0,0.021739130434782608,0.021052631578947364,0.9462025316455697,0.9855072463768115
128,0.0886426592797784,0.0,0.6892497200447929,0.0,0.9393939393939394,0.0014562900892154415,0.7389033942558748,0.0,0.9393939393939394,0.7790132036136207,0.9393939393939394,0.0,0.06521739130434782,0.07017543859649122,0.9409282700421941,0.7681159420289855
129,0.09002770083102493,0.0,0.6892497200447929,0.836399574779944,0.98989898989899,0.0005514108104796332,0.7323759791122717,0.0,0.98989898989899,0.7790132036136207,0.98989898989899,0.0,0.06159420289855072,0.06666666666666667,0.9409282700421941,0.7681159420289855
130,0.09279778393351801,0.0,0.6612541993281076,0.907347417862955,0.9595959595959597,0.0,0.7258485639686685,0.0,0.9595959595959597,0.7741487143849897,0.9595959595959597,0.0,0.06159420289855072,0.06666666666666667,0.9356540084388185,0.7584541062801932
131,0.008310249307479223,0.0,0.6858902575587906,0.7891394695859273,0.9292929292929294,0.00016966486476296404,0.7193211488250654,0.0,0.9292929292929294,0.7762334954829744,0.9292929292929294,0.0,0.06159420289855072,0.06666666666666667,0.9324894514767933,0.7584541062801932
132,0.0997229916897507,0.0,0.6735722284434491,0.8285980240992382,0.8989898989898991,0.00032047807788559876,0.714099216710183,0.0,0.8989898989898991,0.1348158443363447,0.8989898989898991,0.0,0.057971014492753624,0.06666666666666667,0.9282700421940928,0.7584541062801932
133,0.10249307479224376,0.0,0.6769316909294514,0.7435498797681991,0.8686868686868687,0.0002450714713242814,0.7075718015665797,0.0,0.8686868686868687,0.7762334954829744,0.8686868686868687,0.0,0.057971014492753624,0.06315789473684211,0.919831223628692,0.7439613526570048
134,0.10526315789473684,0.0,0.6321388577827549,0.8066869546598135,0.8383838383838385,0.00023093273259403442,0.7010443864229766,0.0,0.8383838383838385,0.7776233495482975,0.8383838383838385,0.0,0.057971014492753624,0.06315789473684211,0.9177215189873418,0.7391304347826088
135,0.1038781163434903,0.0,0.6713325867861143,0.8343500057912416,0.8383838383838385,0.002111384983716886,0.6945169712793735,0.0,0.8383838383838385,0.1111883252258513,0.8383838383838385,0.0,0.057971014492753624,0.06315789473684211,0.9113924050632911,0.7294685990338164
136,0.009695290858725761,0.0,0.6993281075027996,0.007466185062005013,0.8585858585858587,9.42582582016467e-05,0.6879895561357704,0.0,0.8585858585858587,0.09728978457261987,0.8585858585858587,0.0,0.057971014492753624,0.06315789473684211,0.9071729957805907,0.7342995169082125
137,0.11080332409972299,0.0,0.6937290033594625,0.7004458080402436,0.8383838383838385,0.0001083969969318937,0.6814621409921673,0.0,0.8383838383838385,0.09381514940931203,0.8383838383838385,0.0,0.057971014492753624,0.06315789473684211,0.9008438818565401,0.7246376811594203
138,0.11634349030470914,0.0,0.6937290033594625,0.6002493314054635,0.8686868686868687,4.241621619074101e-05,0.6749347258485641,0.0,0.8686868686868687,0.1063238359972203,0.8686868686868687,0.0,0.057971014492753624,0.06315789473684211,0.8945147679324894,0.7198067632850241
139,0.11772853185595568,0.0,0.6769316909294514,0.5325665843679477,0.8383838383838385,7.069369365123502e-05,0.668407310704961,0.0,0.8383838383838385,0.10840861709520501,0.8383838383838385,0.0,0.057971014492753624,0.06315789473684211,0.8871308016877637,0.7101449275362318
140,0.12049861495844875,0.0,0.6825307950727884,0.5052646587640957,0.8383838383838385,0.0004241621619074101,0.6618798955613578,0.0,0.8484848484848485,0.10284920083391244,0.8484848484848485,0.0,0.057971014492753624,0.06315789473684211,0.8829113924050632,0.7101449275362318
141,0.0110803324099723,0.0,0.6993281075027996,0.3985634803022337,0.8181818181818182,0.0,0.6553524804177547,0.0,0.8282828282828284,0.08825573314801946,0.8383838383838385,0.0,0.057971014492753624,0.06315789473684211,0.8934599156118144,0.7777777777777778
142,0.12603878116343492,0.0,0.6937290033594625,0.358877047946023,0.4444444444444445,0.0,0.06005221932114883,0.0,0.8383838383838385,0.07783182765809592,0.8484848484848485,0.0,0.057971014492753624,0.06315789473684211,0.8829113924050632,0.748792270531401
143,0.13157894736842107,0.0,0.7385218365061591,0.35633357061218973,0.33333333333333337,0.0,0.05352480417754569,0.0,0.7171717171717172,0.1111883252258513,0.8181818181818182,0.0,0.057971014492753624,0.06315789473684211,0.8786919831223629,0.7439613526570048
144,0.16204986149584488,0.002777777777777778,0.0,0.0,0.9696969696969697,0.0,0.6723237597911228,0.0024000000000000002,0.98989898989899,0.4447533009034052,0.9696969696969697,0.0,0.09782608695652173,0.09824561403508772,0.79957805907173,0.6135265700483091
145,0.16343490304709143,0.002777777777777778,0.0,0.3066885272048196,0.9494949494949496,0.0,0.6592689295039166,0.0024000000000000002,0.9797979797979799,0.4447533009034052,0.9494949494949496,0.0,0.09782608695652173,0.09824561403508772,0.7932489451476793,0.5893719806763285
146,0.1662049861495845,0.002777777777777778,0.11926091825307952,0.2761071240231381,0.9393939393939394,0.0007729177172535029,0.06005221932114883,0.0024000000000000002,0.9696969696969697,0.3849895760945101,0.9393939393939394,0.0,0.09782608695652173,0.09473684210526315,0.7858649789029536,0.5748792270531401
147,0.1689750692520776,0.002777777777777778,0.0,0.286082483111827,0.888888888888889,0.0,0.6357702349869453,0.0024000000000000002,0.9292929292929294,0.3731758165392634,0.8989898989898991,0.0,0.09782608695652173,0.09473684210526315,0.7827004219409283,0.5700483091787439
148,0.17174515235457066,0.002777777777777778,0.1103023516237402,0.026357765355236158,0.8484848484848485,0.0,0.6240208877284595,0.0024000000000000002,0.9191919191919192,0.35441278665740095,0.8787878787878789,0.0,0.09782608695652173,0.09824561403508772,0.7816455696202531,0.5652173913043478
149,0.01662049861495845,0.002777777777777778,0.1103023516237402,0.24697615964846872,0.08080808080808081,0.0,0.6135770234986946,0.0024000000000000002,0.8585858585858587,0.37039610840861714,0.8181818181818182,0.0,0.09782608695652173,0.09824561403508772,0.7774261603375527,0.5652173913043478
150,0.18144044321329642,0.003333333333333333,0.1170212765957447,0.22523551764756797,0.7474747474747475,0.0,0.6044386422976502,0.0024000000000000002,0.8484848484848485,0.4065323141070188,0.8181818181818182,0.0,0.09782608695652173,0.09824561403508772,0.7679324894514767,0.5603864734299516
151,0.19390581717451524,0.003333333333333333,0.06550951847704367,0.20660254791221225,0.686868686868687,2.3564564550411675e-05,0.5953002610966058,0.0024000000000000002,0.8585858585858587,0.3036831132731064,0.8181818181818182,0.0,0.09782608695652173,0.09824561403508772,0.7584388185654009,0.5603864734299516
152,0.018005540166204984,0.003333333333333333,0.05655095184770437,0.1763016427069169,0.6262626262626263,0.0,0.5861618798955615,0.0028,0.8181818181818182,0.35441278665740095,0.797979797979798,0.0,0.09782608695652173,0.09824561403508772,0.7468354430379747,0.5603864734299516
153,0.21191135734072022,0.003333333333333333,0.04703247480403135,0.1058083307890072,0.5252525252525253,0.0010462666660382783,0.5783289817232377,0.0028,0.08080808080808081,0.42876997915218906,0.787878787878788,0.0,0.10144927536231883,0.09824561403508772,0.719409282700422,0.5169082125603864
154,0.22299168975069253,0.003333333333333333,0.040313549832026875,0.814231950074276,0.494949494949495,0.0058345861826819305,0.570496083550914,0.0028,0.797979797979798,0.5462126476719945,0.7575757575757577,0.0,0.10144927536231883,0.10175438596491228,0.7120253164556962,0.5410628019323671
155,0.21191135734072022,0.003333333333333333,0.0341545352743561,0.08611014814452837,0.05050505050505051,0.0038975789766380908,0.5639686684073109,0.0032,0.787878787878788,0.5503822098679639,0.7777777777777778,0.0,0.10507246376811595,0.10175438596491228,0.7046413502109705,0.5314009661835749
156,0.21191135734072022,0.0038888888888888888,0.03023516237402016,0.4248502040249159,0.5151515151515152,0.009322141736142858,0.5561357702349871,0.0032,0.797979797979798,0.45587213342599026,0.7777777777777778,0.0,0.10507246376811595,0.10175438596491228,0.6951476793248945,0.5217391304347826
157,0.20083102493074795,0.0038888888888888888,0.03023516237402016,0.3939755051481154,0.05050505050505051,0.020515309897588402,0.549608355091384,0.0036000000000000003,0.08080808080808081,0.310632383599722,0.7676767676767677,0.0,0.10869565217391305,0.10526315789473684,0.6867088607594937,0.5120772946859903
158,0.20775623268698062,0.0044444444444444444,0.027995520716685332,0.4110973986128136,0.0,0.0027052120103872603,0.5430809399477808,0.004,0.7777777777777778,0.31132731063238367,0.7777777777777778,0.0,0.10869565217391305,0.10526315789473684,0.6772151898734178,0.5024154589371981
159,0.02077562326869806,0.005,0.03583426651735722,0.3515263514627046,0.0,0.0009897117111172904,0.5365535248041776,0.0044,0.7575757575757577,0.32453092425295343,0.7676767676767677,0.0,0.11231884057971016,0.10526315789473684,0.6708860759493671,0.48792270531400966
160,0.20221606648199447,0.0,0.5285554311310191,0.0,0.9595959595959597,0.0,0.828981723237598,0.0,0.9595959595959597,0.5378735232800557,0.9595959595959597,0.0,0.08695652173913043,0.08421052631578947,0.8333333333333334,0.608695652173913
161,0.02077562326869806,0.0,0.5285554311310191,0.0,0.9696969696969697,0.0,0.8198433420365536,0.0,0.9696969696969697,0.5378735232800557,0.9696969696969697,0.0,0.08695652173913043,0.08421052631578947,0.8322784810126582,0.608695652173913
162,0.2368421052631579,0.0,0.526875699888018,0.0,0.9797979797979799,0.0,0.8120104438642299,0.0,0.9797979797979799,0.521195274496178,0.9797979797979799,0.0,0.08695652173913043,0.08421052631578947,0.8333333333333334,0.608695652173913
163,0.22991689750692523,0.0,0.5313549832026876,0.0,0.9696969696969697,0.0,0.8041775456919061,0.0,1.0,0.5163307852675469,0.98989898989899,0.0019801980198019802,0.08695652173913043,0.08421052631578947,0.8322784810126582,0.608695652173913
164,0.22299168975069253,0.0,0.5223964165733483,0.0,0.9595959595959597,0.0,0.7963446475195823,0.0,0.9797979797979799,0.5302293259207783,0.98989898989899,0.0,0.08695652173913043,0.08421052631578947,0.8312236286919832,0.608695652173913
165,0.221606648199446,0.0,0.5139977603583427,0.0,0.98989898989899,0.0,0.787206266318538,0.0,0.9797979797979799,0.5170257123002086,1.0,0.0019801980198019802,0.08695652173913043,0.08421052631578947,0.8312236286919832,0.608695652173913
166,0.23130193905817176,0.0,0.5195968645016797,0.0,0.9595959595959597,0.0,0.07441253263707573,0.0,0.9797979797979799,0.5163307852675469,0.9696969696969697,0.0,0.08695652173913043,0.08421052631578947,0.8343881856540085,0.608695652173913
167,0.22991689750692523,0.0,0.5677491601343786,0.0,0.09090909090909091,0.0,0.06657963446475196,0.0,0.9393939393939394,0.5072967338429465,0.9393939393939394,0.0,0.08695652173913043,0.08421052631578947,0.8343881856540085,0.608695652173913
168,0.22991689750692523,0.0,0.601343784994401,0.0,0.9393939393939394,0.0,0.762402088772846,0.0,0.9595959595959597,0.5420430854760251,0.9595959595959597,0.0,0.08695652173913043,0.08421052631578947,0.8333333333333334,0.6038647342995169
169,0.23545706371191136,0.0,0.6192609182530796,0.0,0.9696969696969697,0.0,0.7532637075718017,0.0,0.9494949494949496,0.4815844336344684,0.9595959595959597,0.0,0.08695652173913043,0.08421052631578947,0.8312236286919832,0.5990338164251208
170,0.2368421052631579,0.0,0.5867861142217246,0.0,0.9393939393939394,0.0,0.7454308093994779,0.0,0.9393939393939394,0.41348158443363453,0.9393939393939394,0.0,0.09057971014492754,0.08421052631578947,0.8291139240506329,0.5990338164251208
171,0.23961218836565099,0.0,0.56494960806271,0.0,0.9393939393939394,0.0,0.7362924281984335,0.0,0.9292929292929294,0.4308547602501738,0.9393939393939394,0.0,0.09057971014492754,0.08421052631578947,0.8270042194092827,0.5942028985507246
172,0.26038781163434904,0.0,0.597424412094065,0.0,0.888888888888889,0.0,0.7271540469973892,0.0,0.9393939393939394,0.39054899235580265,0.9292929292929294,0.0,0.09057971014492754,0.08421052631578947,0.8259493670886077,0.5893719806763285
173,0.02493074792243767,0.0,0.606942889137738,0.0,0.8989898989898991,0.0,0.7180156657963448,0.0,0.9393939393939394,0.3655316191799861,0.9494949494949496,0.0,0.09057971014492754,0.08771929824561403,0.8238396624472574,0.5845410628019323
174,0.26038781163434904,0.0,0.6511758118701009,0.0,0.21212121212121213,0.0,0.7075718015665797,0.0,0.98989898989899,0.3578874218207089,1.0,0.0019801980198019802,0.09420289855072464,0.08771929824561403,0.8217299578059072,0.5845410628019323
175,0.26454293628808867,0.0,0.6797312430011199,0.0,0.0,0.0,0.6971279373368147,0.0,0.9191919191919192,0.36205698401667824,1.0,0.0,0.09420289855072464,0.08771929824561403,0.0,0.5797101449275363
176,0.09418282548476455,0.0,0.08734602463605824,0.0,0.98989898989899,0.0,0.8172323759791124,0.0,0.98989898989899,0.34607366226546216,0.98989898989899,0.0,0.22101449275362323,0.21052631578947364,0.8681434599156118,0.7004830917874396
177,0.008310249307479223,0.0,0.08734602463605824,0.3678627194571208,0.98989898989899,0.0002167939938637874,0.808093994778068,0.0,0.98989898989899,0.34607366226546216,0.98989898989899,0.0,0.21739130434782608,0.2070175438596491,0.8649789029535865,0.7004830917874396
178,0.008310249307479223,0.0,0.0918253079507279,0.39752559298566953,1.0,0.0,0.7989556135770236,0.0,1.0,0.32592077831827665,1.0,0.0,0.21739130434782608,0.2070175438596491,0.859704641350211,0.7004830917874396
179,0.09695290858725762,0.0,0.09462486002239642,0.2214870746853591,1.0,0.0,0.7898172323759792,0.0,1.0,0.3036831132731064,1.0,0.0,0.21739130434782608,0.2070175438596491,0.8565400843881857,0.7004830917874396
180,0.1038781163434903,0.0,0.0923852183650616,0.1981003723637829,1.0,0.0,0.07571801566579635,0.0,1.0,0.236275191104934,1.0,0.0,0.21739130434782608,0.2070175438596491,0.8565400843881857,0.6956521739130435
181,0.0997229916897507,0.0,0.10750279955207168,0.26721056175968405,1.0,0.0,0.06657963446475196,0.0,1.0,0.2529534398888117,1.0,0.0,0.21376811594202902,0.20350877192982456,0.8544303797468354,0.6956521739130435
182,0.10110803324099724,0.0,0.1086226203807391,0.33348508004501337,0.98989898989899,1.4138738730247004e-05,0.7610966057441254,0.0,0.9797979797979799,0.26337734537873525,0.98989898989899,0.0,0.21376811594202902,0.20350877192982456,0.8586497890295358,0.6956521739130435
183,0.1038781163434903,0.0,0.11142217245240763,0.23193062197592462,0.9797979797979799,9.42582582016467e-06,0.7506527415143605,0.0,0.9797979797979799,0.22029186935371786,0.9797979797979799,0.0,0.21376811594202902,0.20350877192982456,0.859704641350211,0.6956521739130435
184,0.10526315789473684,0.0,0.11142217245240763,0.27882038863911235,0.9797979797979799,3.2990390370576346e-05,0.7389033942558748,0.0,0.9797979797979799,0.2640722724113968,0.9797979797979799,0.0,0.21739130434782608,0.20350877192982456,0.8575949367088607,0.6956521739130435
185,0.10803324099722991,0.0,0.1170212765957447,0.17101961843634753,0.98989898989899,1.4138738730247004e-05,0.7284595300261097,0.0,0.98989898989899,0.2640722724113968,0.98989898989899,0.0,0.21739130434782608,0.20350877192982456,0.8544303797468354,0.6859903381642511
186,0.11080332409972299,0.0,0.11422172452407615,0.1556036708151211,0.98989898989899,1.885165164032934e-05,0.7193211488250654,0.0,0.98989898989899,0.2195969423210563,0.98989898989899,0.0,0.21739130434782608,0.20350877192982456,0.8502109704641351,0.6763285024154589
187,0.11357340720221606,0.0,0.12038073908174694,0.13825095054115336,0.98989898989899,5.184204201090568e-05,0.7127937336814623,0.0,0.98989898989899,0.2341904100069493,0.98989898989899,0.0,0.21739130434782608,0.20350877192982456,0.8470464135021097,0.6714975845410628
188,0.11634349030470914,0.0,0.12038073908174694,0.12165657378193774,0.98989898989899,5.6554954920988015e-05,0.7075718015665797,0.0,0.9797979797979799,0.25990271021542743,0.9797979797979799,0.0,0.21739130434782608,0.20350877192982456,0.8417721518987342,0.6618357487922705
189,0.11911357340720222,0.0,0.11086226203807392,0.10660625471916692,0.98989898989899,3.770330328065868e-05,0.7049608355091385,0.0,0.98989898989899,0.27032661570535094,0.98989898989899,0.0,0.22101449275362323,0.20350877192982456,0.839662447257384,0.6521739130434783
190,0.0110803324099723,0.0,0.1086226203807391,0.11523196151826082,1.0,2.3564564550411675e-05,0.7023498694516972,0.0,1.0,0.2640722724113968,1.0,0.0,0.22101449275362323,0.2070175438596491,0.8375527426160337,0.6425120772946861
191,0.12603878116343492,0.0,0.11982082866741323,0.1680043040793707,0.9797979797979799,2.8277477460494007e-05,0.6984334203655354,0.0,0.9797979797979799,0.24391938846421127,0.9797979797979799,0.0,0.22101449275362323,0.2070175438596491,0.8291139240506329,0.6376811594202898
192,0.1772853185595568,0.051111111111111114,0.0,0.0,0.9797979797979799,0.0011310990984197604,0.22584856396866843,0.045200000000000004,0.9797979797979799,0.1959694232105629,0.9797979797979799,0.0,0.644927536231884,0.6385964912280702,0.6065400843881856,0.49275362318840576
193,0.18144044321329642,0.05444444444444444,0.0,0.10463670437684282,0.9797979797979799,0.0013620318310137948,0.21801566579634465,0.048400000000000006,0.9797979797979799,0.1959694232105629,0.9797979797979799,0.0,0.6521739130434783,0.6491228070175439,0.6012658227848101,0.4830917874396135
194,0.18559556786703602,0.057777777777777775,0.0,0.5291718835492908,0.9696969696969697,0.0011169603596895134,0.20887728459530028,0.052000000000000005,0.9696969696969697,0.20013898540653233,0.9696969696969697,0.0,0.6594202898550725,0.6561403508771929,0.5959915611814346,0.4830917874396135
195,0.1883656509695291,0.06166666666666667,0.0,0.059356876126134654,0.9494949494949496,0.009359845039423517,0.20104438642297648,0.055600000000000004,0.9494949494949496,0.2640722724113968,0.9494949494949496,0.0,0.6666666666666666,0.6631578947368421,0.5875527426160339,0.4782608695652174
196,0.018005540166204984,0.06555555555555556,0.0,0.6245294438280107,0.9696969696969697,0.026510135119213133,0.19321148825065276,0.060000000000000005,0.9696969696969697,0.2195969423210563,0.9696969696969697,0.0,0.6739130434782609,0.6701754385964912,0.5748945147679325,0.45410628019323673
197,0.1952908587257618,0.07,0.0,0.6276302555723572,0.9494949494949496,0.00371377537314488,0.185378590078329,0.0644,0.9494949494949496,0.25017373175816543,0.9494949494949496,0.0,0.681159420289855,0.6771929824561402,0.5643459915611815,0.42995169082125606
198,0.19806094182825487,0.075,0.0,0.533520450633385,0.9797979797979799,0.0033838714694391166,0.17754569190600522,0.0692,0.9797979797979799,0.20222376650451704,0.9797979797979799,0.0,0.6884057971014493,0.687719298245614,0.5516877637130801,0.4057971014492754
199,0.20221606648199447,0.08,0.0,0.4255888079655195,0.9696969696969697,0.012536348340819011,0.16971279373368148,0.07440000000000001,0.9696969696969697,0.19805420430854762,0.9696969696969697,0.0,0.6956521739130435,0.6947368421052631,0.5485232067510548,0.4154589371980676
200,0.20775623268698062,0.08555555555555555,0.0,0.4644200539974483,0.9595959595959597,0.013780557349080748,0.16318537859007834,0.0804,0.9696969696969697,0.19457956914523974,0.9494949494949496,0.0,0.7028985507246377,0.07017543859649122,0.5411392405063291,0.4154589371980676
201,0.20914127423822715,0.09111111111111111,0.0,0.04240042387171102,0.8686868686868687,0.029182356739229816,0.1566579634464752,0.08600000000000001,0.9595959595959597,0.19457956914523974,0.9494949494949496,0.0,0.7101449275362318,0.07719298245614034,0.5337552742616034,0.4057971014492754
202,0.21329639889196678,0.09666666666666666,0.0,0.3811752136698394,0.4545454545454546,0.12222468341007527,0.15013054830287206,0.09240000000000001,0.9494949494949496,0.18624044475330093,0.9393939393939394,0.0,0.717391304347826,0.08421052631578947,0.5263713080168776,0.3961352657004831
203,0.21745152354570638,0.10277777777777777,0.0,0.041214979457146785,0.11111111111111112,0.04591791048293219,0.14360313315926893,0.0988,0.888888888888889,0.1820708825573315,1.0,0.0,0.07246376811594203,0.0912280701754386,0.5179324894514767,0.3913043478260869
204,0.221606648199446,0.10888888888888888,0.0,0.35543242855197754,0.05050505050505051,0.019167416805304857,0.13838120104438642,0.1056,0.09090909090909091,0.1744266851980542,0.8787878787878789,0.0,0.07971014492753623,0.09824561403508772,0.510548523206751,0.3816425120772947
205,0.2257617728531856,0.115,0.0,3.978853524589896e-11,0.0,0.016419788578726856,0.13315926892950392,0.112,0.8383838383838385,0.17998610145934676,0.8383838383838385,0.0,0.08695652173913043,0.7368421052631579,0.5021097046413502,0.3719806763285024
206,0.23130193905817176,0.12166666666666667,0.0,0.34006815690619263,0.0,0.020802797585103425,0.010443864229765015,0.1192,0.8585858585858587,0.17164697706740795,0.8585858585858587,0.0,0.09420289855072464,0.743859649122807,0.4936708860759494,0.36231884057971014
207,0.23822714681440443,0.12833333333333333,0.0,0.0370244025877307,0.0,0.02402643001559974,0.005221932114882507,0.1264,0.8383838383838385,0.16191799861014594,0.8282828282828284,0.0,0.10144927536231883,0.750877192982456,0.48417721518987344,0.3526570048309179
208,0.13434903047091415,0.0,0.49328107502799556,0.0,0.9797979797979799,0.0,0.6984334203655354,0.0,0.9797979797979799,0.5191104933981932,0.9797979797979799,0.0,0.13405797101449277,0.1263157894736842,0.8375527426160337,0.7391304347826088
209,0.0,0.0,0.49328107502799556,0.29539311467040286,0.9494949494949496,0.0,0.6879895561357704,0.0,0.9595959595959597,0.5191104933981932,0.9494949494949496,0.0,0.13405797101449277,0.1263157894736842,0.8364978902953587,0.7391304347826088
210,0.013850415512465374,0.0,0.4888017917133259,0.26347206410917984,0.9191919191919192,0.0,0.6788511749347259,0.0,0.9191919191919192,0.5260597637248089,0.9191919191919192,0.0,0.13405797101449277,0.12982456140350876,0.8354430379746836,0.7391304347826088
211,0.015235457063711912,0.0,0.48152295632698766,0.26043415296309236,0.8787878787878789,0.0,0.668407310704961,0.0,0.888888888888889,0.5163307852675469,0.8787878787878789,0.0,0.13405797101449277,0.12982456140350876,0.8280590717299579,0.7391304347826088
212,0.018005540166204984,0.0,0.47592385218365063,0.17427014263545332,0.9191919191919192,0.0,0.6579634464751959,0.0,0.9191919191919192,0.46351633078526755,0.9191919191919192,0.0,0.13405797101449277,0.12982456140350876,0.8227848101265823,0.748792270531401
213,0.02077562326869806,0.0,0.47032474804031354,0.15521922830998292,0.8686868686868687,0.0,0.06135770234986946,0.0,0.09090909090909091,0.42876997915218906,0.8686868686868687,0.0,0.13405797101449277,0.12982456140350876,0.8238396624472574,0.7632850241545894
214,0.02493074792243767,0.0,0.47312430011198214,0.3277025860016773,0.9393939393939394,0.0,0.6383812010443864,0.0,0.9393939393939394,0.4315496872828353,0.9393939393939394,0.0,0.13405797101449277,0.12982456140350876,0.8217299578059072,0.748792270531401
215,0.15235457063711913,0.0,0.5005599104143337,0.25564958288900047,0.8585858585858587,0.0,0.6292428198433422,0.0,0.8585858585858587,0.42390548992355803,0.8585858585858587,0.0,0.13768115942028986,0.1333333333333333,0.8175105485232068,0.7391304347826088
216,0.1551246537396122,0.0,0.4736842105263158,0.016440227683165644,0.9393939393939394,0.0,0.6187989556135771,0.0,0.9393939393939394,0.3919388464211258,0.9393939393939394,0.0,0.13768115942028986,0.1333333333333333,0.8132911392405063,0.7246376811594203
217,0.15789473684210528,0.0,0.4692049272116462,0.1818000912197103,0.8484848484848485,0.0,0.6096605744125327,0.0,0.8585858585858587,0.36622654621264766,0.8484848484848485,0.0,0.14130434782608697,0.1333333333333333,0.8080168776371308,0.7149758454106281
218,0.16066481994459836,0.0,0.44792833146696526,0.1313608132703908,0.9292929292929294,0.0,0.5992167101827677,0.0,0.9191919191919192,0.37387074357192496,0.9292929292929294,0.0,0.14130434782608697,0.13684210526315788,0.8027426160337553,0.7053140096618358
219,0.16343490304709143,0.0,0.429451287793953,0.16628274326815567,0.9393939393939394,0.0,0.5900783289817234,0.0,0.9393939393939394,0.3968033356497568,0.9393939393939394,0.0019801980198019802,0.14492753623188406,0.13684210526315788,0.7985232067510548,0.6956521739130435
220,0.1662049861495845,0.0,0.4277715565509519,0.013536329284256868,0.9191919191919192,0.0,0.5796344647519583,0.0,0.09090909090909091,0.4044475330090341,0.8989898989898991,0.005940594059405941,0.14492753623188406,0.14035087719298242,0.7943037974683544,0.6859903381642511
221,0.1689750692520776,0.0,0.4244120940649496,0.013331949417602375,0.6666666666666667,0.0,0.5691906005221933,0.0,0.8686868686868687,0.40027797081306465,0.8787878787878789,0.013861386138613862,0.14855072463768118,0.14035087719298242,0.790084388185654,0.6763285024154589
222,0.17174515235457066,0.0,0.41265397536394177,0.13839484118879503,0.18181818181818182,0.0,0.5587467362924282,0.0,0.9393939393939394,0.3801250868658791,0.8484848484848485,0.01188118811881188,0.14855072463768118,0.143859649122807,0.7911392405063291,0.6763285024154589
223,0.17451523545706374,0.0,0.4154535274356103,0.11425011037231085,0.0,0.0,0.5483028720626633,0.0,0.8686868686868687,0.3585823488533704,0.9393939393939394,0.015841584158415842,0.15217391304347827,0.143859649122807,0.7816455696202531,0.6763285024154589
224,0.2700831024930748,0.0,0.7799552071668534,0.0,1.0,9.42582582016467e-06,0.8002610966057442,0.0,1.0,0.3954134815844337,1.0,0.0,0.06521739130434782,0.06666666666666667,0.8417721518987342,0.7536231884057971
225,0.2742382271468144,0.0,0.7799552071668534,0.0011490074865241253,0.9797979797979799,0.00030162642624526943,0.7924281984334205,0.0,0.9797979797979799,0.3954134815844337,0.9797979797979799,0.0,0.06521739130434782,0.06666666666666667,0.839662447257384,0.7584541062801932
226,0.030470914127423823,0.0,0.8202687569988802,0.11116891229434045,0.98989898989899,7.540660656131736e-05,0.7845953002610967,0.0004,0.98989898989899,0.4656011118832523,0.98989898989899,0.0,0.06884057971014493,0.06666666666666667,0.839662447257384,0.7584541062801932
227,0.2673130193905817,0.0,0.9148936170212768,0.9186121008876855,0.9797979797979799,4.712912910082335e-05,0.07180156657963448,0.0004,0.98989898989899,0.35441278665740095,0.98989898989899,0.0,0.06884057971014493,0.07017543859649122,0.8364978902953587,0.7536231884057971
228,0.31994459833795014,0.0,0.9686450167973124,0.8483111860625155,0.98989898989899,0.00023564564550411675,0.7689295039164492,0.0004,0.98989898989899,0.34190410006949273,0.98989898989899,0.0,0.06884057971014493,0.07017543859649122,0.830168776371308,0.748792270531401
229,0.3060941828254848,0.0,0.8079507278835387,0.0850813526312134,0.9696969696969697,4.712912910082335e-06,0.7610966057441254,0.0004,1.0,0.3856845031271717,0.98989898989899,0.0,0.06884057971014493,0.0736842105263158,0.8227848101265823,0.748792270531401
230,0.31163434903047094,0.0,0.788353863381859,0.4355171908342805,0.98989898989899,0.0,0.7532637075718017,0.0004,0.98989898989899,0.47949965253648374,0.9696969696969697,0.0,0.07246376811594203,0.0736842105263158,0.8132911392405063,0.7439613526570048
231,0.30886426592797783,0.0005555555555555556,0.8208286674132139,0.5026350600131219,0.98989898989899,0.0,0.7467362924281986,0.0004,0.98989898989899,0.41348158443363453,0.9797979797979799,0.0,0.07246376811594203,0.07719298245614034,0.7964135021097046,0.7294685990338164
232,0.31163434903047094,0.0005555555555555556,0.7956326987681972,0.046484459727668744,0.9191919191919192,4.712912910082335e-06,0.7402088772845954,0.0004,0.09090909090909091,0.44753300903405147,0.9595959595959597,0.0,0.07608695652173914,0.07719298245614034,0.7795358649789029,0.7198067632850241
233,0.33518005540166207,0.0005555555555555556,0.7049272116461367,0.03650284201102266,0.98989898989899,0.0007022240236022679,0.7336814621409923,0.0004,0.9797979797979799,0.4405837387074357,1.0,0.0,0.07608695652173914,0.08070175438596491,0.7626582278481012,0.7053140096618358
234,0.3476454293628809,0.0005555555555555556,0.6159014557670773,0.4572553403220483,1.0,4.712912910082335e-06,0.7271540469973892,0.0004,0.98989898989899,0.4788047255038221,1.0,0.0,0.07971014492753623,0.08421052631578947,0.7521097046413502,0.6956521739130435
235,0.3407202216066482,0.0005555555555555556,0.6741321388577829,0.42404414567137055,1.0,9.42582582016467e-06,0.7206266318537861,0.0004,1.0,0.457956914523975,1.0,0.0,0.08333333333333333,0.08421052631578947,0.7415611814345991,0.6811594202898551
236,0.3490304709141274,0.0005555555555555556,0.6248600223964167,0.23875184652725523,0.5656565656565657,9.897117111172903e-05,0.7154046997389034,0.0004,0.5353535353535354,0.457956914523975,0.05050505050505051,0.0,0.08695652173913043,0.08771929824561403,0.7331223628691983,0.6714975845410628
237,0.36149584487534625,0.0005555555555555556,0.6842105263157896,0.1456637364841939,1.0,6.598078074115269e-05,0.7088772845953003,0.0004,1.0,0.4496177901320361,1.0,0.0,0.08695652173913043,0.0912280701754386,0.7246835443037976,0.6570048309178743
238,0.350415512465374,0.0005555555555555556,0.6007838745800673,0.14084659425969903,0.9393939393939394,0.00021208108095370506,0.7036553524804179,0.0004,1.0,0.46004169562195973,1.0,0.0,0.09057971014492754,0.0912280701754386,0.7183544303797469,0.6425120772946861
239,0.3407202216066482,0.0005555555555555556,0.7262038073908176,0.24289560974501273,0.07070707070707072,9.897117111172903e-05,0.6971279373368147,0.0004,1.0,0.42599027102154274,1.0,0.0,0.09420289855072464,0.09473684210526315,0.7120253164556962,0.6328502415458936
240,0.10110803324099724,0.0,0.7049272116461367,0.0,0.98989898989899,0.00022150690677386973,0.818537859007833,0.0004,1.0,0.11049339819318972,1.0,0.0,0.03260869565217391,0.031578947368421054,0.9440928270042194,0.8019323671497585
241,0.1038781163434903,0.0,0.7049272116461367,0.7175189385365301,0.98989898989899,0.0003299039037057634,0.8146214099216711,0.0004,1.0,0.11049339819318972,1.0,0.0,0.03260869565217391,0.031578947368421054,0.9388185654008439,0.7874396135265701
242,0.10526315789473684,0.0,0.658454647256439,0.0703520302756359,0.98989898989899,0.00018380360349321107,0.8093994778067887,0.0004,1.0,0.10910354412786659,1.0,0.0,0.03260869565217391,0.028070175438596492,0.9377637130801688,0.7874396135265701
243,0.10664819944598337,0.0,0.5638297872340426,0.6655722215186461,0.98989898989899,0.0005137075071989745,0.8041775456919061,0.0004,1.0,0.10701876302988188,1.0,0.0,0.02898550724637681,0.028070175438596492,0.9345991561181435,0.7826086956521738
244,0.009695290858725761,0.0,0.5655095184770437,0.7147091449288868,0.9797979797979799,0.0027146378362074247,0.8002610966057442,0.0004,0.98989898989899,0.09867963863794302,0.98989898989899,0.0,0.02898550724637681,0.028070175438596492,0.9324894514767933,0.7777777777777778
245,0.11080332409972299,0.0,0.5716685330347145,0.6668360210344145,0.9797979797979799,0.0001885165164032934,0.7950391644908618,0.0004,0.98989898989899,0.08130646282140375,0.98989898989899,0.0,0.02898550724637681,0.028070175438596492,0.9261603375527426,0.7681159420289855
246,0.11634349030470914,0.0,0.5621500559910415,0.6730483176358258,0.9797979797979799,0.00015552612603271705,0.7911227154046999,0.0004,0.98989898989899,0.0965948575399583,0.98989898989899,0.0,0.02898550724637681,0.028070175438596492,0.9240506329113924,0.7632850241545894
247,0.11911357340720222,0.0,0.5856662933930572,0.720293775959649,0.98989898989899,0.00046186546518806884,0.787206266318538,0.0004,1.0,0.6671299513551078,1.0,0.0,0.025362318840579712,0.02456140350877193,0.9219409282700421,0.7632850241545894
248,0.11772853185595568,0.0,0.5733482642777157,0.6414145509490448,0.9494949494949496,0.00030162642624526943,0.07702349869451698,0.0004,1.0,0.6428075052119527,0.98989898989899,0.0,0.025362318840579712,0.02456140350877193,0.9187763713080169,0.7632850241545894
249,0.11634349030470914,0.0,0.6142217245240762,0.5588421068063255,0.9494949494949496,7.069369365123502e-05,0.0731070496083551,0.0004,1.0,0.6372480889506602,0.98989898989899,0.0,0.025362318840579712,0.02456140350877193,0.9124472573839663,0.7584541062801932
250,0.12188365650969529,0.0,0.6864501679731243,0.5076591855003827,0.7777777777777778,0.0001225357356621407,0.06788511749347259,0.0004,0.9797979797979799,0.6421125781792912,0.9797979797979799,0.0,0.025362318840579712,0.02456140350877193,0.9082278481012658,0.7584541062801932
251,0.12465373961218836,0.0005555555555555556,0.6741321388577829,0.5169038299673834,0.6464646464646465,0.0002874876875150224,0.7676240208877285,0.0004,0.9696969696969697,0.6476719944405838,0.9595959595959597,0.0,0.025362318840579712,0.02456140350877193,0.9282700421940928,0.9082125603864735
252,0.13019390581717452,0.0,0.6310190369540873,0.05081447018971617,0.6464646464646465,0.00020736816804362273,0.762402088772846,0.0004,0.9696969696969697,0.6462821403752607,0.9595959595959597,0.0,0.025362318840579712,0.02456140350877193,0.9261603375527426,0.8985507246376813
253,0.13573407202216067,0.0005555555555555556,0.6315789473684211,0.3208472269217148,0.06060606060606061,0.0,0.7571801566579636,0.0004,0.9696969696969697,0.5879082696316887,0.9595959595959597,0.0,0.025362318840579712,0.02456140350877193,0.9229957805907173,0.9082125603864735
254,0.0,0.0005555555555555556,0.6159014557670773,0.29482405681391644,0.06060606060606061,0.00039117177153683377,0.7506527415143605,0.0004,0.9696969696969697,0.576094510076442,0.9595959595959597,0.0,0.025362318840579712,0.02456140350877193,0.9208860759493671,0.8792270531400965
255,0.013850415512465374,0.0005555555555555556,0.6270996640537515,0.28768318628435885,0.06060606060606061,0.0,0.7454308093994779,0.0004,0.9696969696969697,0.5642807505211953,0.9595959595959597,0.0,0.025362318840579712,0.02456140350877193,0.9166666666666666,0.8695652173913043
256,0.2409972299168975,0.0,0.36786114221724525,0.0,0.9494949494949496,0.0,0.06396866840731072,0.0,0.9494949494949496,0.40236275191104937,0.9494949494949496,0.0019801980198019802,0.12318840579710146,0.11578947368421053,0.7447257383966245,0.6183574879227054
257,0.24376731301939059,0.0,0.36786114221724525,0.6711996987540053,0.9595959595959597,0.0,0.05352480417754569,0.0,0.9595959595959597,0.40236275191104937,0.9595959595959597,0.0019801980198019802,0.11956521739130435,0.11578947368421053,0.7436708860759493,0.6183574879227054
258,0.023545706371191136,0.0,0.3667413213885778,0.6302418811641118,0.9595959595959597,0.0,0.6305483028720628,0.0,0.9595959595959597,0.40236275191104937,0.9595959595959597,0.0019801980198019802,0.11956521739130435,0.11578947368421053,0.7447257383966245,0.6231884057971014
259,0.26038781163434904,0.0,0.3723404255319149,0.5837660463692649,0.98989898989899,0.0,0.6201044386422977,0.0,0.98989898989899,0.378735232800556,0.98989898989899,0.0,0.12318840579710146,0.11578947368421053,0.740506329113924,0.6038647342995169
260,0.2590027700831025,0.0,0.37122060470324747,0.606629746635412,0.9595959595959597,0.0,0.6109660574412533,0.0,0.9595959595959597,0.3898540653231411,0.9595959595959597,0.007920792079207921,0.12318840579710146,0.11578947368421053,0.7383966244725738,0.5990338164251208
261,0.2562326869806094,0.0,0.37793952967525196,0.5708948000015781,0.9696969696969697,0.0,0.6005221932114884,0.0,0.9696969696969697,0.4065323141070188,0.9696969696969697,0.0019801980198019802,0.12318840579710146,0.11578947368421053,0.7383966244725738,0.5990338164251208
262,0.25346260387811637,0.0,0.3829787234042553,0.5507184025093007,0.9797979797979799,0.0,0.5913838120104439,0.0,0.98989898989899,0.40375260597637247,0.9797979797979799,0.0039603960396039604,0.12318840579710146,0.11578947368421053,0.7383966244725738,0.6135265700483091
263,0.24930747922437674,0.0,0.40369540873460247,0.5133704035243809,0.9494949494949496,0.0,0.5835509138381202,0.0,0.9494949494949496,0.41000694927032666,0.9494949494949496,0.0,0.12318840579710146,0.11578947368421053,0.7373417721518987,0.6183574879227054
264,0.24930747922437674,0.0,0.4048152295632699,0.6974560432450283,0.9696969696969697,0.0,0.5744125326370758,0.0,0.9797979797979799,0.33078526754690757,0.9696969696969697,0.009900990099009901,0.12318840579710146,0.11929824561403508,0.7383966244725738,0.6183574879227054
265,0.25346260387811637,0.0,0.3622620380739082,0.3879727234872323,0.98989898989899,0.0,0.566579634464752,0.0,0.98989898989899,0.3057678943710911,0.98989898989899,0.009900990099009901,0.12681159420289856,0.11929824561403508,0.729957805907173,0.5942028985507246
266,0.26315789473684215,0.0,0.3493840985442329,0.03664045349682223,0.9696969696969697,0.0,0.5587467362924282,0.0,0.9696969696969697,0.3092425295343989,0.9696969696969697,0.013861386138613862,0.12681159420289856,0.11929824561403508,0.7331223628691983,0.6183574879227054
267,0.27146814404432135,0.0,0.34658454647256437,0.32621907131300726,0.9797979797979799,0.0,0.5509138381201045,0.0,0.9797979797979799,0.3050729673384295,0.9797979797979799,0.013861386138613862,0.12681159420289856,0.11929824561403508,0.7289029535864978,0.6038647342995169
268,0.027700831024930747,0.0,0.3169092945128779,0.31331662816454564,0.9696969696969697,0.0,0.5430809399477808,0.0,0.9595959595959597,0.3148019457956915,0.9696969696969697,0.02772277227722772,0.12681159420289856,0.12280701754385966,0.7215189873417722,0.5893719806763285
269,0.2742382271468144,0.0,0.2788353863381859,0.26326435645102014,0.9797979797979799,0.0,0.535248041775457,0.0,0.9393939393939394,0.3043780403057679,0.8989898989898991,0.0,0.13043478260869568,0.12280701754385966,0.7151898734177216,0.5748792270531401
270,0.027700831024930747,0.0,0.27379619260918253,0.252074665277475,0.9696969696969697,0.0,0.5274151436031332,0.0,0.9696969696969697,0.3127171646977068,0.9696969696969697,0.005940594059405941,0.13043478260869568,0.1263157894736842,0.7141350210970464,0.5700483091787439
271,0.2700831024930748,0.0,0.26763717805151177,0.2193860133241961,0.7676767676767677,0.0,0.04960835509138382,0.0,0.9191919191919192,0.27658095899930507,0.9191919191919192,0.0039603960396039604,0.13405797101449277,0.1263157894736842,0.7046413502109705,0.5652173913043478
272,0.34349030470914127,0.013888888888888888,0.0,0.0,0.8282828282828284,0.0002592102100545284,0.3224543080939948,0.015600000000000001,0.787878787878788,0.3189715079916609,0.8282828282828284,0.017821782178217824,0.2463768115942029,0.2350877192982456,0.5073839662447257,0.5169082125603864
273,0.3476454293628809,0.013888888888888888,0.0,0.9027103272587618,0.787878787878788,0.003704349547324715,0.31592689295039167,0.015600000000000001,0.7474747474747475,0.3189715079916609,0.787878787878788,0.019801980198019806,0.25362318840579706,0.23859649122807017,0.501054852320675,0.5169082125603864
274,0.3462603878116344,0.013888888888888888,0.0,0.08755252104121486,0.7777777777777778,0.0030021255237224474,0.3080939947780679,0.015600000000000001,0.7373737373737375,0.3189715079916609,0.7777777777777778,0.02178217821782178,0.2572463768115942,0.24561403508771926,0.4915611814345992,0.497584541062802
275,0.3462603878116344,0.013888888888888888,0.0,0.09820280048015863,0.08080808080808081,0.0013573189181037123,0.30156657963446476,0.015600000000000001,0.08080808080808081,0.3377345378735233,0.08080808080808081,0.023762376237623763,0.2644927536231884,0.2526315789473684,0.48312236286919835,0.4830917874396135
276,0.3462603878116344,0.013888888888888888,0.07782754759238522,0.11044561871882627,0.7575757575757577,0.002007700899695075,0.293733681462141,0.015600000000000001,0.7777777777777778,0.3731758165392634,0.7575757575757577,0.025742574257425738,0.2717391304347826,0.2596491228070175,0.4789029535864979,0.4734299516908213
277,0.350415512465374,0.013888888888888888,0.07390817469204929,0.9441317933591554,0.7676767676767677,0.0018474618607522753,0.28720626631853785,0.015600000000000001,0.7777777777777778,0.34398888116747744,0.7676767676767677,0.025742574257425738,0.2789855072463768,0.2631578947368421,0.4757383966244726,0.45893719806763283
278,0.3573407202216067,0.013888888888888888,0.06438969764837627,0.7113137313340101,0.797979797979798,0.0068855657616302916,0.28067885117493474,0.015600000000000001,0.08080808080808081,0.30993745656706045,0.797979797979798,0.0297029702970297,0.28260869565217395,0.2701754385964912,0.47257383966244726,0.44927536231884063
279,0.38365650969529086,0.013888888888888888,0.07110862262038074,0.7628017843668334,0.7575757575757577,0.004373583180556407,0.27415143603133163,0.015600000000000001,0.7777777777777778,0.29186935371785966,0.7575757575757577,0.033663366336633666,0.28985507246376807,0.2771929824561403,0.46835443037974683,0.43961352657004826
280,0.39058171745152354,0.013888888888888888,0.062150055991041446,0.07505202568503051,0.8282828282828284,0.0016071033023380761,0.26762402088772846,0.015600000000000001,0.8282828282828284,0.3161917998610146,0.8282828282828284,0.03762376237623762,0.29710144927536236,0.2842105263157894,0.4620253164556962,0.42995169082125606
281,0.3919667590027701,0.013888888888888888,0.06606942889137739,0.7603977542481112,0.7474747474747475,0.0008294726721744909,0.26109660574412535,0.015600000000000001,0.7676767676767677,0.330090340514246,0.7474747474747475,0.03762376237623762,0.30434782608695654,0.29122807017543856,0.4578059071729958,0.42028985507246375
282,0.39335180055401664,0.013888888888888888,0.06270996640537514,0.7118744672576838,0.07070707070707072,0.0009897117111172904,0.0195822454308094,0.015600000000000001,0.7373737373737375,0.3287004864489229,0.07070707070707072,0.039603960396039604,0.3115942028985507,0.2982456140350877,0.45358649789029537,0.4106280193236715
283,0.39335180055401664,0.013888888888888888,0.06382978723404256,0.10754026902499773,0.7575757575757577,0.0012347831824415718,0.014360313315926894,0.015600000000000001,0.7474747474747475,0.31688672689367614,0.7272727272727273,0.039603960396039604,0.31884057971014496,0.30526315789473685,0.4462025316455696,0.3913043478260869
284,0.39335180055401664,0.013888888888888888,0.07502799552071669,0.8946590917493753,0.7373737373737375,0.0010227021014878666,0.24412532637075718,0.016,0.7575757575757577,0.32175121612230717,0.7373737373737375,0.039603960396039604,0.32608695652173914,0.31228070175438594,0.43881856540084385,0.3719806763285024
285,0.39058171745152354,0.013888888888888888,0.06830907054871221,0.40555076117889866,0.15151515151515152,0.007484105701210748,0.23759791122715407,0.016,0.7676767676767677,0.29673384294649063,0.7575757575757577,0.039603960396039604,0.33333333333333337,0.319298245614035,0.4293248945147679,0.3526570048309179
286,0.3878116343490305,0.013888888888888888,0.07166853303471446,0.45409698702290996,0.0,0.0276129567401724,0.23237597911227156,0.016,0.7777777777777778,0.32592077831827665,0.7676767676767677,0.039603960396039604,0.34057971014492755,0.32631578947368417,0.4166666666666667,0.3188405797101449
287,0.3850415512465374,0.013888888888888888,0.07446808510638299,0.37443609440825565,0.0,0.02000160239038943,0.22715404699738903,0.016,0.787878787878788,0.3015983321751216,0.787878787878788,0.03762376237623762,0.34782608695652173,0.3333333333333333,0.410337552742616,0.3091787439613527
288,0.29085872576177285,0.0,0.0,0.0,1.0,5.184204201090568e-05,0.3067885117493473,0.0,0.98989898989899,0.2480889506601807,1.0,0.007920792079207921,0.5543478260869565,0.5578947368421052,0.6371308016877637,0.6038647342995169
289,0.29778393351800553,0.0,0.0,0.20973824342157688,1.0,0.0,0.29503916449086165,0.0004,0.98989898989899,0.2480889506601807,1.0,0.007920792079207921,0.5652173913043478,0.5649122807017544,0.6286919831223629,0.6038647342995169
290,0.30193905817174516,0.0,0.0,0.19823286680546132,0.9797979797979799,0.0,0.283289817232376,0.0004,0.9797979797979799,0.2661570535093815,0.9797979797979799,0.009900990099009901,0.572463768115942,0.5754385964912281,0.6213080168776371,0.608695652173913
291,0.3074792243767313,0.0,0.0,0.1890493346857567,0.9797979797979799,4.712912910082335e-06,0.27284595300261094,0.0004,0.9797979797979799,0.2571230020847811,0.9797979797979799,0.009900990099009901,0.5797101449275363,0.5824561403508771,0.6128691983122363,0.5942028985507246
292,0.3102493074792244,0.0,0.012318029115341547,0.2903315093340787,0.9595959595959597,4.712912910082335e-05,0.262402088772846,0.0004,0.9595959595959597,0.3287004864489229,0.9595959595959597,0.007920792079207921,0.5869565217391305,0.5929824561403508,0.6033755274261603,0.5748792270531401
293,0.314404432132964,0.0005555555555555556,0.015117581187010082,0.24444257283592524,0.9191919191919192,9.897117111172903e-05,0.016971279373368148,0.0004,0.9292929292929294,0.359277275886032,0.9191919191919192,0.007920792079207921,0.5978260869565218,0.6035087719298246,0.0,0.5507246376811594
294,0.31994459833795014,0.0005555555555555556,0.008958566629339308,0.275345077898357,0.9393939393939394,2.8277477460494007e-05,0.2415143603133159,0.0004,0.9393939393939394,0.43780403057678946,0.9393939393939394,0.005940594059405941,0.605072463768116,0.6105263157894736,0.0,0.5265700483091788
295,0.32271468144044324,0.0005555555555555556,0.011198208286674132,0.030316786512550757,0.9696969696969697,3.2990390370576346e-05,0.23237597911227156,0.0004,0.9696969696969697,0.45726198749131347,0.9696969696969697,0.005940594059405941,0.6159420289855073,0.6210526315789473,0.0,0.5072463768115942
296,0.3282548476454294,0.0005555555555555556,0.0083986562150056,0.028427534578266134,0.9595959595959597,5.184204201090568e-05,0.22193211488250653,0.0004,0.9393939393939394,0.4086170952050035,0.9595959595959597,0.0039603960396039604,0.6231884057971014,0.631578947368421,0.0,0.48792270531400966
297,0.3379501385041551,0.0005555555555555556,0.015677491601343786,0.1694820752901817,0.9595959595959597,9.42582582016467e-06,0.21409921671018275,0.0004,0.9696969696969697,0.36622654621264766,0.9595959595959597,0.0039603960396039604,0.6304347826086957,0.6385964912280702,0.0,0.46376811594202894
298,0.350415512465374,0.0005555555555555556,0.040313549832026875,0.14583720433999955,0.9595959595959597,5.184204201090568e-05,0.20496083550913838,0.0004,0.9595959595959597,0.36692147324530927,0.9595959595959597,0.0039603960396039604,0.641304347826087,0.6491228070175439,0.0,0.4444444444444444
299,0.36288088642659283,0.0005555555555555556,0.05319148936170213,0.259097384033555,0.8989898989898991,1.4138738730247004e-05,0.19712793733681463,0.0004,0.09090909090909091,0.30646282140375264,0.8989898989898991,0.0039603960396039604,0.6485507246376812,0.6561403508771929,0.0,0.42512077294685996
300,0.3767313019390582,0.0005555555555555556,0.02855543113101904,0.19188305357478214,0.9595959595959597,0.0,0.18929503916449086,0.0004,0.9696969696969697,0.34051424600416963,0.9595959595959597,0.0019801980198019802,0.6594202898550725,0.6666666666666666,0.0,0.4057971014492754
301,0.389196675900277,0.0005555555555555556,0.015677491601343786,0.15222672309253635,0.8383838383838385,0.00012724864857222305,0.18146214099216712,0.0004,0.8989898989898991,0.5385684503127172,0.8686868686868687,0.0,0.6702898550724639,0.6771929824561402,0.0,0.3864734299516908
302,0.038781163434903045,0.0005555555555555556,0.007278835386338188,0.8588202020892687,0.8989898989898991,0.0035629621600222453,0.17493472584856398,0.0004,0.888888888888889,0.4107018763029882,0.888888888888889,0.0,0.681159420289855,0.6842105263157895,0.0,0.36714975845410625
303,0.4307479224376731,0.0005555555555555556,0.008958566629339308,0.9351304320568411,0.98989898989899,0.001969997596414416,0.16840731070496084,0.0004,0.98989898989899,0.4801945795691453,0.9292929292929294,0.0,0.6920289855072463,0.6947368421052631,0.0,0.3526570048309179
304,0.2562326869806094,0.0044444444444444444,0.2021276595744681,0.0,1.0,0.0,0.6736292428198435,0.004,1.0,0.43988881167477417,1.0,0.0,0.03985507246376811,0.03508771929824562,0.7078059071729959,0.6666666666666667
305,0.26038781163434904,0.0044444444444444444,0.2021276595744681,0.0,0.98989898989899,0.0,0.664490861618799,0.004,1.0,0.43988881167477417,0.98989898989899,0.0,0.03985507246376811,0.03508771929824562,0.7025316455696203,0.6666666666666667
306,0.26454293628808867,0.0044444444444444444,0.2110862262038074,0.0,0.9494949494949496,0.0,0.6553524804177547,0.004,0.9595959595959597,0.4141765114662961,0.9494949494949496,0.0,0.03985507246376811,0.03508771929824562,0.6972573839662447,0.6666666666666667
307,0.2673130193905817,0.0044444444444444444,0.2172452407614782,0.0,0.9393939393939394,0.0,0.06005221932114883,0.0044,0.9393939393939394,0.3863794301598332,0.9393939393939394,0.0,0.03985507246376811,0.03508771929824562,0.6909282700421941,0.6666666666666667
308,0.27285318559556787,0.005,0.219484882418813,0.0,0.9595959595959597,0.0,0.6383812010443864,0.0044,0.9595959595959597,0.38151494093120225,0.9595959595959597,0.0019801980198019802,0.03985507246376811,0.03508771929824562,0.6845991561181435,0.6666666666666667
309,0.029085872576177285,0.005,0.22060470324748044,0.0,0.9191919191919192,0.0,0.6305483028720628,0.0048000000000000004,0.09090909090909091,0.37804030576789444,0.9191919191919192,0.0019801980198019802,0.03985507246376811,0.03508771929824562,0.6782700421940928,0.6666666666666667
310,0.03601108033240997,0.005555555555555556,0.21612541993281079,0.0,0.9393939393939394,0.0,0.6214099216710184,0.0048000000000000004,0.9292929292929294,0.40027797081306465,0.9393939393939394,0.0019801980198019802,0.03985507246376811,0.03508771929824562,0.6708860759493671,0.6666666666666667
311,0.29085872576177285,0.005555555555555556,0.2105263157894737,0.0,0.888888888888889,0.0,0.6135770234986946,0.005200000000000001,0.8787878787878789,0.3474635163307853,0.888888888888889,0.0019801980198019802,0.043478260869565216,0.03508771929824562,0.6666666666666666,0.6763285024154589
312,0.29778393351800553,0.006111111111111111,0.19372900335946253,0.0,0.8484848484848485,0.0,0.6044386422976502,0.0056,0.8585858585858587,0.344683808200139,0.8484848484848485,0.0019801980198019802,0.043478260869565216,0.03859649122807018,0.6603375527426161,0.6811594202898551
313,0.30193905817174516,0.006111111111111111,0.18029115341545354,0.0,0.8383838383838385,0.0,0.5966057441253265,0.006,0.8282828282828284,0.36066712995135514,0.8383838383838385,0.0019801980198019802,0.043478260869565216,0.03859649122807018,0.6592827004219409,0.6908212560386474
314,0.3060941828254848,0.006666666666666666,0.1595744680851064,0.0,0.8585858585858587,0.0,0.587467362924282,0.0064,0.8484848484848485,0.3940236275191105,0.8585858585858587,0.0019801980198019802,0.043478260869565216,0.03859649122807018,0.6561181434599156,0.6956521739130435
315,0.31163434903047094,0.006666666666666666,0.14837625979843228,0.0,0.8484848484848485,0.0,0.5796344647519583,0.0064,0.8484848484848485,0.36275191104933985,0.8484848484848485,0.0019801980198019802,0.04710144927536231,0.03859649122807018,0.6540084388185654,0.7053140096618358
316,0.030470914127423823,0.007222222222222222,0.13213885778275478,0.0,0.08080808080808081,0.0,0.570496083550914,0.0068000000000000005,0.8282828282828284,0.3683113273106324,0.888888888888889,0.0019801980198019802,0.04710144927536231,0.042105263157894736,0.6508438818565401,0.6956521739130435
317,0.32271468144044324,0.0077777777777777776,0.125979843225084,0.0,0.7777777777777778,0.0,0.5613577023498696,0.007200000000000001,0.7676767676767677,0.4537873523280056,0.7777777777777778,0.0,0.04710144927536231,0.042105263157894736,0.6434599156118144,0.6763285024154589
318,0.3282548476454294,0.0077777777777777776,0.12262038073908177,0.0,0.7777777777777778,0.0,0.5522193211488251,0.0076,0.7171717171717172,0.438498957609451,0.7171717171717172,0.0,0.050724637681159424,0.045614035087719294,0.640295358649789,0.6618357487922705
319,0.33518005540166207,0.008333333333333333,0.12933930571108623,0.0,0.7777777777777778,0.0005749753750300448,0.5430809399477808,0.008,0.7474747474747475,0.3940236275191105,0.7575757575757577,0.0,0.050724637681159424,0.045614035087719294,0.6329113924050632,0.6425120772946861
320,0.12049861495844875,0.0,0.2250839865621501,0.0,0.8282828282828284,0.007903554950208076,0.7154046997389034,0.0,0.7474747474747475,0.6650451702571231,0.8282828282828284,0.0,0.07971014492753623,0.07719298245614034,0.7879746835443038,0.6859903381642511
321,0.12188365650969529,0.0,0.2250839865621501,0.7340776203921908,0.8989898989898991,0.014138738730247005,0.7088772845953003,0.0,0.8686868686868687,0.6650451702571231,0.8686868686868687,0.0,0.08333333333333333,0.08070175438596491,0.7827004219409283,0.6859903381642511
322,0.0110803324099723,0.0,0.23012318029115345,0.7573560763862077,0.9191919191919192,0.0,0.7010443864229766,0.0,0.8787878787878789,0.6574009728978458,0.8989898989898991,0.0,0.08333333333333333,0.08070175438596491,0.7753164556962026,0.6859903381642511
323,0.12603878116343492,0.0,0.25755879059350506,0.6949694813327448,0.9292929292929294,0.00010368408402181136,0.6945169712793735,0.0,0.8787878787878789,0.6907574704656011,0.9292929292929294,0.0,0.08695652173913043,0.08421052631578947,0.7679324894514767,0.6714975845410628
324,0.12603878116343492,0.0,0.25923852183650614,0.7972286974901777,0.888888888888889,4.712912910082335e-05,0.6879895561357704,0.0,0.8989898989898991,0.6747741487143851,0.888888888888889,0.0,0.09057971014492754,0.08421052631578947,0.75,0.6473429951690821
325,0.128808864265928,0.0,0.2536394176931691,0.6314303396524859,0.8989898989898991,0.00021208108095370506,0.6801566579634466,0.0,0.09090909090909091,0.6657400972897847,0.8989898989898991,0.0,0.09057971014492754,0.08771929824561403,0.7563291139240506,0.6425120772946861
326,0.1329639889196676,0.0,0.2653975363941769,0.06460874723810947,0.09090909090909091,0.00010368408402181136,0.6736292428198435,0.0,0.09090909090909091,0.6699096594857541,0.09090909090909091,0.0,0.09420289855072464,0.0912280701754386,0.7552742616033755,0.6425120772946861
327,0.13434903047091415,0.0,0.2866741321388578,0.6615551978458648,0.888888888888889,3.770330328065868e-05,0.6671018276762404,0.0,0.9292929292929294,0.5962473940236276,0.9191919191919192,0.0,0.09782608695652173,0.0912280701754386,0.7489451476793249,0.6328502415458936
328,0.02077562326869806,0.0,0.2883538633818589,0.8253976538639578,0.9494949494949496,0.0007823435430736675,0.6592689295039166,0.0,0.9595959595959597,0.5816539263377345,0.9595959595959597,0.0,0.09782608695652173,0.09473684210526315,0.7415611814345991,0.6231884057971014
329,0.0,0.0,0.2693169092945129,0.38317371789171367,0.09090909090909091,8.011951947139969e-05,0.6527415143603135,0.0,0.9191919191919192,0.5753995830437804,0.8787878787878789,0.0,0.10144927536231883,0.09473684210526315,0.7352320675105485,0.6135265700483091
330,0.015235457063711912,0.0,0.25475923852183646,0.45789103594384845,0.9393939393939394,0.0001083969969318937,0.05874673629242821,0.0,0.9595959595959597,0.590687977762335,0.9393939393939394,0.0,0.10144927536231883,0.09824561403508772,0.0,0.6038647342995169
331,0.13573407202216067,0.0,0.2374020156774916,0.3485670896032846,0.36363636363636365,0.00013196156148230539,0.6383812010443864,0.0,0.8787878787878789,0.6532314107018764,0.8484848484848485,0.0,0.10507246376811595,0.10175438596491228,0.0,0.5942028985507246
332,0.015235457063711912,0.0,0.23124300111982082,0.3993107449346685,0.0,8.483243238148202e-05,0.6318537859007833,0.0,0.8787878787878789,0.551772063933287,0.8787878787878789,0.0,0.10507246376811595,0.10175438596491228,0.0,0.5845410628019323
333,0.013850415512465374,0.0,0.21444568868980965,0.1513897527281422,0.0,0.00013196156148230539,0.6240208877284595,0.0,0.8686868686868687,0.49339819318971506,0.08080808080808081,0.0,0.10869565217391305,0.10526315789473684,0.0,0.5748792270531401
334,0.1551246537396122,0.0,0.21500559910414335,0.14353160384936736,0.0,0.0,0.6161879895561359,0.0,0.9292929292929294,0.49756775538568454,0.9191919191919192,0.0,0.11231884057971016,0.10877192982456141,0.0,0.5603864734299516
335,0.1592797783933518,0.0,0.20324748040313553,0.16589061608179415,0.0,0.0002026552551335404,0.6083550913838122,0.0,0.8787878787878789,0.5489923558026408,0.8585858585858587,0.0,0.11594202898550725,0.10877192982456141,0.0,0.0
336,0.35318559556786705,0.0011111111111111111,0.0,0.0,0.9595959595959597,0.0,0.48172323759791125,0.0008,0.9696969696969697,0.37595552466990967,0.9595959595959597,0.041584158415841586,0.22826086956521743,0.21052631578947364,0.7362869198312236,0.608695652173913
337,0.3698060941828255,0.0011111111111111111,0.0,0.06638977548219081,0.9595959595959597,4.712912910082335e-06,0.47389033942558745,0.0008,0.9696969696969697,0.37595552466990967,0.9595959595959597,0.04356435643564356,0.23913043478260873,0.22105263157894736,0.7352320675105485,0.608695652173913
338,0.39473684210526316,0.0011111111111111111,0.0,0.11196589306810811,0.9595959595959597,4.712912910082335e-06,0.46736292428198434,0.0008,0.9696969696969697,0.4058373870743572,0.9595959595959597,0.05346534653465346,0.25,0.23157894736842102,0.731012658227848,0.608695652173913
339,0.0027700831024930752,0.0011111111111111111,0.0,0.1285568796328414,0.9595959595959597,3.2990390370576346e-05,0.45953002610966065,0.0012000000000000001,0.9696969696969697,0.43571924947880475,0.9595959595959597,0.08514851485148515,0.2608695652173913,0.2421052631578947,0.7246835443037976,0.6038647342995169
340,0.4487534626038781,0.0011111111111111111,0.32194848824188127,0.670062018459558,0.9595959595959597,3.770330328065868e-05,0.4530026109660575,0.0012000000000000001,0.9696969696969697,0.36483669214732456,0.9595959595959597,0.10693069306930693,0.2753623188405797,0.25614035087719295,0.7151898734177216,0.5990338164251208
341,0.481994459833795,0.0011111111111111111,0.3348264277715566,0.5479428805565744,0.9595959595959597,0.004020114712300232,0.4464751958224544,0.0012000000000000001,0.9696969696969697,0.3919388464211258,0.9595959595959597,0.1207920792079208,0.286231884057971,0.2701754385964912,0.7056962025316456,0.5942028985507246
342,0.5429362880886427,0.0011111111111111111,0.2799552071668533,0.42749100976961585,0.9494949494949496,0.0008671759754551496,0.43994778067885126,0.0012000000000000001,0.9696969696969697,0.4440583738707436,0.9696969696969697,0.17623762376237623,0.3007246376811594,0.2842105263157894,0.6972573839662447,0.5893719806763285
343,0.590027700831025,0.0011111111111111111,0.3667413213885778,0.4776508042166293,0.9494949494949496,0.0,0.4334203655352481,0.0012000000000000001,0.9696969696969697,0.3856845031271717,0.9696969696969697,0.2495049504950495,0.31521739130434784,0.2982456140350877,0.6814345991561181,0.5845410628019323
344,0.6024930747922438,0.0011111111111111111,0.3471444568868981,0.5134360691855332,0.9393939393939394,4.712912910082335e-06,0.426892950391645,0.0012000000000000001,0.9696969696969697,0.32731063238359975,0.9696969696969697,0.2633663366336634,0.3297101449275362,0.31228070175438594,0.6645569620253164,0.5845410628019323
345,0.6786703601108033,0.0011111111111111111,0.3605823068309071,0.7644482799057039,0.9393939393939394,2.8277477460494007e-05,0.4203655352480418,0.0012000000000000001,0.9696969696969697,0.3425990271021543,0.9696969696969697,0.2831683168316832,0.3442028985507246,0.32631578947368417,0.6434599156118144,0.5748792270531401
346,0.7825484764542936,0.0011111111111111111,0.3561030235162374,0.6308836454003097,0.9292929292929294,2.3564564550411675e-05,0.4138381201044387,0.0012000000000000001,0.9696969696969697,0.39054899235580265,0.9696969696969697,0.40594059405940597,0.03260869565217391,0.343859649122807,0.6255274261603375,0.5748792270531401
347,0.9016620498614959,0.0011111111111111111,0.27379619260918253,0.4703585732127587,0.9191919191919192,4.712912910082335e-06,0.40731070496083555,0.0016,0.9696969696969697,0.3863794301598332,0.9696969696969697,0.5603960396039603,0.050724637681159424,0.045614035087719294,0.6118143459915611,0.5700483091787439
348,0.9584487534626039,0.0011111111111111111,0.3079507278835386,0.2998619559303527,0.09090909090909091,0.00027806186169485774,0.3994778067885118,0.0016,0.9696969696969697,0.32314107018763033,0.9696969696969697,0.6297029702970297,0.06521739130434782,0.05964912280701755,0.5981012658227848,0.5700483091787439
349,0.9667590027700831,0.0011111111111111111,0.3583426651735722,0.006340470212876985,0.888888888888889,3.2990390370576346e-05,0.39295039164490864,0.0016,0.9797979797979799,0.4496177901320361,0.9797979797979799,0.6831683168316832,0.40942028985507245,0.3929824561403509,0.5886075949367089,0.5748792270531401
350,0.9390581717451524,0.0011111111111111111,0.30627099664053753,0.3074601040571606,0.8787878787878789,4.712912910082335e-06,0.03263707571801567,0.0016,0.9797979797979799,0.39819318971507994,0.9797979797979799,0.7346534653465348,0.4239130434782609,0.4105263157894737,0.5907172995780591,0.5700483091787439
351,0.8947368421052632,0.0011111111111111111,0.30011198208286677,0.2513063529121745,0.8686868686868687,0.01259290329574,0.3772845953002611,0.0016,0.9797979797979799,0.3224461431549687,0.9797979797979799,0.7663366336633662,0.4420289855072464,0.42456140350877186,0.589662447257384,0.5652173913043478
352,0.1952908587257618,0.023333333333333334,0.40929451287793955,0.0,0.9696969696969697,0.0010085633627576196,0.7193211488250654,0.0188,0.98989898989899,0.5781792911744268,0.9696969696969697,0.0,0.09420289855072464,0.08771929824561403,0.7953586497890295,0.7342995169082125
353,0.19806094182825487,0.024444444444444446,0.40929451287793955,0.8330211836754975,0.9696969696969697,0.004128511709232125,0.7088772845953003,0.0196,0.9696969696969697,0.5781792911744268,0.9393939393939394,0.0,0.09420289855072464,0.0912280701754386,0.7879746835443038,0.7342995169082125
354,0.20083102493074795,0.025555555555555557,0.4048152295632699,0.09177853699202941,0.9696969696969697,0.0010368408402181136,0.6984334203655354,0.020800000000000003,0.9696969696969697,0.5892981236970118,0.9797979797979799,0.0,0.09782608695652173,0.0912280701754386,0.7742616033755274,0.6859903381642511
355,0.20360110803324102,0.02722222222222222,0.42217245240761475,0.8445883614756241,0.9696969696969697,9.42582582016467e-06,0.6866840731070497,0.0216,0.9696969696969697,0.5740097289784573,0.9595959595959597,0.0,0.09782608695652173,0.09473684210526315,0.770042194092827,0.6859903381642511
356,0.20914127423822715,0.028333333333333332,0.4238521836506159,0.10867931867915567,0.98989898989899,0.0002026552551335404,0.6762402088772846,0.0228,0.98989898989899,0.6184850590687978,1.0,0.0,0.10144927536231883,0.09473684210526315,0.7637130801687764,0.6763285024154589
357,0.21191135734072022,0.03,0.4204927211646136,0.11130280384151553,0.9696969696969697,0.00032047807788559876,0.6657963446475197,0.0244,1.0,0.5747046560111189,1.0,0.0,0.10144927536231883,0.09824561403508772,0.7552742616033755,0.6666666666666667
358,0.21606648199445985,0.03166666666666667,0.40985442329227323,0.5654565037517543,1.0,0.0,0.654046997389034,0.0256,1.0,0.6011118832522586,1.0,0.0,0.10507246376811595,0.09824561403508772,0.7531645569620253,0.6666666666666667
359,0.21745152354570638,0.03388888888888889,0.40313549832026874,0.5272481258738011,0.9696969696969697,0.0,0.05613577023498694,0.027200000000000002,1.0,0.5726198749131342,1.0,0.0,0.10507246376811595,0.10175438596491228,0.7426160337552742,0.6425120772946861
360,0.21883656509695293,0.03611111111111111,0.4020156774916014,0.3955849222002487,1.0,0.0,0.6318537859007833,0.0292,1.0,0.5753995830437804,1.0,0.0,0.10869565217391305,0.10175438596491228,0.7383966244725738,0.6521739130434783
361,0.221606648199446,0.03888888888888889,0.396976483762598,0.303538366625267,1.0,0.0002686360358746931,0.6214099216710184,0.0316,1.0,0.580958999305073,1.0,0.0,0.10869565217391305,0.10526315789473684,0.7362869198312236,0.6666666666666667
362,0.22437673130193908,0.041666666666666664,0.3896976483762598,0.23802980311475394,0.98989898989899,2.8277477460494007e-05,0.6109660574412533,0.034,1.0,0.5747046560111189,1.0,0.0,0.11231884057971016,0.10526315789473684,0.7320675105485231,0.6666666666666667
363,0.0221606648199446,0.045,0.3829787234042553,0.18691749884069117,0.9696969696969697,0.0,0.5992167101827677,0.037200000000000004,1.0,0.5350938151494093,1.0,0.0,0.11231884057971016,0.10877192982456141,0.7331223628691983,0.6763285024154589
364,0.2368421052631579,0.04888888888888889,0.3885778275475924,0.15884024108752545,0.9797979797979799,9.42582582016467e-06,0.5887728459530027,0.04,1.0,0.48227936066713,1.0,0.0,0.11594202898550725,0.11228070175438595,0.7373417721518987,0.7149758454106281
365,0.24238227146814406,0.05277777777777778,0.39137737961926095,0.1412155097422206,0.9292929292929294,4.712912910082335e-06,0.5783289817232377,0.0436,1.0,0.49548297428769983,1.0,0.0,0.11594202898550725,0.11228070175438595,0.729957805907173,0.7053140096618358
366,0.24653739612188366,0.05722222222222222,0.3986562150055991,0.14972728833755092,0.9191919191919192,4.712912910082335e-06,0.5678851174934727,0.0472,1.0,0.49965253648366925,0.98989898989899,0.0,0.11956521739130435,0.11578947368421053,0.7225738396624473,0.6908212560386474
367,0.25207756232686984,0.06166666666666667,0.4059350503919373,0.17977439212098353,0.9494949494949496,0.00016966486476296404,0.5574412532637077,0.050800000000000005,1.0,0.5072967338429465,0.98989898989899,0.0,0.11956521739130435,0.11578947368421053,0.7141350210970464,0.6811594202898551
368,0.10664819944598337,0.0,0.0,0.0,1.0,1.885165164032934e-05,0.5248041775456921,0.0,1.0,0.1841556636553162,1.0,0.0,0.2028985507246377,0.17543859649122803,0.9113924050632911,0.7198067632850241
369,0.009695290858725761,0.0,0.0,0.26958815144653514,1.0,4.712912910082335e-06,0.04177545691906005,0.0,1.0,0.1841556636553162,1.0,0.0,0.2028985507246377,0.1789473684210526,0.9103375527426161,0.7246376811594203
370,0.1149584487534626,0.0,0.0,0.2850009515737824,0.98989898989899,0.0,0.4986945169712795,0.0,1.0,0.18137595552466992,1.0,0.0,0.20652173913043478,0.1789473684210526,0.9071729957805907,0.7198067632850241
371,0.10803324099722991,0.0,0.0,0.31979115910377637,1.0,4.712912910082335e-06,0.48563968668407315,0.0,1.0,0.15983321751216123,1.0,0.0,0.20652173913043478,0.18245614035087718,0.8987341772151899,0.6956521739130435
372,0.10803324099722991,0.0,0.05375139977603583,0.29626190704732613,0.9393939393939394,1.885165164032934e-05,0.4725848563968669,0.0,1.0,0.1563585823488534,0.9797979797979799,0.0,0.21014492753623193,0.18596491228070175,0.8924050632911392,0.6811594202898551
373,0.10803324099722991,0.0,0.048712206047032476,0.22220310106858818,0.9696969696969697,0.0,0.45953002610966065,0.0,1.0,0.18971507991660877,0.9595959595959597,0.0,0.21014492753623193,0.18596491228070175,0.8913502109704641,0.6859903381642511
374,0.12049861495844875,0.0,0.01343784994400896,0.18767839116147053,0.9696969696969697,9.42582582016467e-06,0.4464751958224544,0.0,1.0,0.19805420430854762,1.0,0.0,0.21376811594202902,0.1894736842105263,0.8871308016877637,0.6811594202898551
375,0.1149584487534626,0.0,0.036954087346024636,0.2543137706381696,0.9696969696969697,1.4138738730247004e-05,0.4334203655352481,0.0,0.9797979797979799,0.15496872828353023,0.98989898989899,0.0,0.21739130434782608,0.19298245614035084,0.8860759493670886,0.6859903381642511
376,0.0,0.0,0.04703247480403135,0.2051943529157292,0.9797979797979799,0.0,0.4203655352480418,0.0,0.9595959595959597,0.16122307157748436,1.0,0.0,0.22101449275362323,0.1964912280701754,0.8860759493670886,0.6908212560386474
377,0.12742382271468145,0.0,0.036954087346024636,0.25016611479682377,1.0,0.0,0.40731070496083555,0.0,0.9494949494949496,0.15566365531619183,0.9797979797979799,0.0,0.22463768115942032,0.19999999999999998,0.8829113924050632,0.6908212560386474
378,0.12603878116343492,0.0,0.0083986562150056,0.18001183604979137,1.0,4.241621619074101e-05,0.39425587467362927,0.0,0.9393939393939394,0.1820708825573315,0.9494949494949496,0.0,0.22826086956521743,0.20350877192982456,0.8797468354430379,0.6811594202898551
379,0.12188365650969529,0.0,0.005599104143337067,0.015067865317514422,1.0,7.540660656131736e-05,0.027415143603133157,0.0,0.9292929292929294,0.2154273801250869,0.9292929292929294,0.0,0.23188405797101452,0.2070175438596491,0.8734177215189873,0.6618357487922705
380,0.12188365650969529,0.0,0.006159014557670773,0.014088367955767605,1.0,0.00011310990984197603,0.36684073107049614,0.0,1.0,0.27102154273801254,0.9292929292929294,0.0,0.2355072463768116,0.21052631578947364,0.8681434599156118,0.6473429951690821
381,0.13019390581717452,0.0,0.00671892497200448,0.9432602502429757,1.0,0.0,0.35248041775456923,0.0,1.0,0.236275191104934,0.9494949494949496,0.0,0.23913043478260873,0.21052631578947364,0.8649789029535865,0.6425120772946861
382,0.02493074792243767,0.0,0.025755879059350503,0.010804453856812689,1.0,5.184204201090568e-05,0.33942558746736295,0.0,1.0,0.25017373175816543,0.9797979797979799,0.0,0.24275362318840582,0.21403508771929822,0.8639240506329113,0.6473429951690821
383,0.02077562326869806,0.0,0.020156774916013438,0.11816360379998908,1.0,0.00019794234222345806,0.3276762402088773,0.0,1.0,0.2432244614315497,1.0,0.0,0.24275362318840582,0.2175438596491228,0.8628691983122362,0.6473429951690821
384,0.1883656509695291,0.0,0.6730123180291154,0.0,0.9292929292929294,0.0,0.8446475195822456,0.0004,0.9191919191919192,0.5865184155663655,0.9191919191919192,0.0,0.06521739130434782,0.05964912280701755,0.8354430379746836,0.7246376811594203
385,0.18975069252077564,0.0005555555555555556,0.6730123180291154,0.1533931648490073,0.9595959595959597,0.0,0.8368146214099217,0.0004,0.888888888888889,0.5865184155663655,0.888888888888889,0.0,0.06521739130434782,0.06315789473684211,0.830168776371308,0.7149758454106281
386,0.018005540166204984,0.0005555555555555556,0.6746920492721166,0.014990725521801522,0.9595959595959597,6.598078074115269e-05,0.828981723237598,0.0004,0.9595959595959597,0.5510771369006254,0.9595959595959597,0.0,0.06521739130434782,0.06315789473684211,0.8238396624472574,0.6956521739130435
387,0.19113573407202217,0.0005555555555555556,0.61478163493841,0.08528580541820066,0.9595959595959597,4.712912910082335e-06,0.8211488250652742,0.0004,0.9595959595959597,0.4940931202223767,0.9595959595959597,0.0,0.06521739130434782,0.06315789473684211,0.820675105485232,0.6908212560386474
388,0.19806094182825487,0.0005555555555555556,0.5968645016797313,0.8765960734450783,0.9696969696969697,0.0007399273268829266,0.8133159268929505,0.0004,0.9595959595959597,0.47810979847116053,0.9595959595959597,0.0,0.06884057971014493,0.06666666666666667,0.8175105485232068,0.6859903381642511
389,0.20221606648199447,0.0005555555555555556,0.6041433370660695,0.7677123635805901,0.9595959595959597,0.1037029356734517,0.8054830287206268,0.0004,0.9494949494949496,0.5031271716469771,0.9494949494949496,0.0,0.06884057971014493,0.06666666666666667,0.8122362869198312,0.6714975845410628
390,0.20914127423822715,0.0005555555555555556,0.6114221724524077,0.6626078656531222,0.9696969696969697,0.01059934113477517,0.797650130548303,0.0004,0.9494949494949496,0.47116052814454484,0.9494949494949496,0.0,0.06884057971014493,0.07017543859649122,0.810126582278481,0.6666666666666667
391,0.21329639889196678,0.0005555555555555556,0.6142217245240762,0.10816109961659792,0.9696969696969697,4.712912910082335e-06,0.7898172323759792,0.0004,0.9696969696969697,0.4593467685892982,0.9595959595959597,0.0,0.07246376811594203,0.07017543859649122,0.8027426160337553,0.6666666666666667
392,0.21606648199445985,0.0005555555555555556,0.6091825307950729,0.5924878182945593,0.9595959595959597,4.712912910082335e-06,0.07702349869451698,0.0004,0.9595959595959597,0.44544822793606675,0.9595959595959597,0.0,0.07246376811594203,0.0736842105263158,0.7964135021097046,0.6521739130434783
393,0.221606648199446,0.0005555555555555556,0.5811870100783876,0.5094711856541577,0.9696969696969697,4.712912910082335e-06,0.06919060052219322,0.0004,0.9696969696969697,0.46351633078526755,0.9595959595959597,0.0,0.07608695652173914,0.0736842105263158,0.7911392405063291,0.6521739130434783
394,0.02077562326869806,0.0005555555555555556,0.5862262038073909,0.457094761235226,0.9696969696969697,1.4138738730247004e-05,0.7663185378590079,0.0004,0.9797979797979799,0.5420430854760251,0.9696969696969697,0.0,0.07608695652173914,0.07719298245614034,0.7858649789029536,0.6521739130434783
395,0.21606648199445985,0.0005555555555555556,0.6131019036954088,0.3847822686142341,0.9494949494949496,0.0,0.7584856396866841,0.0004,0.9494949494949496,0.5489923558026408,0.9595959595959597,0.0,0.07971014492753623,0.07719298245614034,0.7784810126582279,0.6425120772946861
396,0.21329639889196678,0.0005555555555555556,0.625979843225084,0.3243969285219019,0.9696969696969697,0.0,0.751958224543081,0.0004,0.9696969696969697,0.5163307852675469,0.9696969696969697,0.0,0.07971014492753623,0.08070175438596491,0.7689873417721519,0.6231884057971014
397,0.21606648199445985,0.0005555555555555556,0.5705487122060471,0.33322770412453057,0.888888888888889,0.0,0.7454308093994779,0.0004,0.9494949494949496,0.5149409312022238,0.9393939393939394,0.0,0.08333333333333333,0.08070175438596491,0.7626582278481012,0.6231884057971014
398,0.02077562326869806,0.0005555555555555556,0.5996640537513999,0.2510405553944131,0.9393939393939394,3.770330328065868e-05,0.7375979112271541,0.0004,0.9494949494949496,0.5024322446143156,0.9494949494949496,0.0,0.08333333333333333,0.08421052631578947,0.7521097046413502,0.6231884057971014
399,0.22437673130193908,0.0005555555555555556,0.541993281075028,0.0152609108803563,0.9494949494949496,0.0002167939938637874,0.731070496083551,0.0004,0.9494949494949496,0.4656011118832523,0.9393939393939394,0.0,0.08695652173913043,0.08421052631578947,0.7478902953586497,0.6231884057971014
400,0.03462603878116344,0.021111111111111112,0.0,0.0,0.9191919191919192,0.00046657837809815114,0.24020887728459528,0.0244,0.9191919191919192,0.344683808200139,0.9191919191919192,0.009900990099009901,0.286231884057971,0.2596491228070175,0.4208860759493671,0.3719806763285024
401,0.3698060941828255,0.021666666666666667,0.0,0.8400201472308616,0.9191919191919192,0.0016165291281582408,0.23237597911227156,0.0252,0.9191919191919192,0.344683808200139,0.9191919191919192,0.009900990099009901,0.2934782608695652,0.26666666666666666,0.419831223628692,0.3719806763285024
402,0.03601108033240997,0.022222222222222223,0.25923852183650614,0.8911746334133029,0.888888888888889,0.0017673423412808756,0.2245430809399478,0.0264,0.8989898989898991,0.4107018763029882,0.888888888888889,0.01188118811881188,0.3007246376811594,0.27368421052631575,0.41350210970464135,0.36231884057971014
403,0.37396121883656513,0.02277777777777778,0.2653975363941769,0.7890007414574495,0.09090909090909091,0.03469646484402615,0.21801566579634465,0.027200000000000002,0.09090909090909091,0.37039610840861714,0.09090909090909091,0.013861386138613862,0.3079710144927536,0.2807017543859649,0.4050632911392405,0.34782608695652173
404,0.3795013850415513,0.023333333333333334,0.251959686450168,0.8569734640111412,0.9191919191919192,0.004053105102670808,0.2101827676240209,0.0284,0.09090909090909091,0.359277275886032,0.9191919191919192,0.015841584158415842,0.31521739130434784,0.29122807017543856,0.39767932489451474,0.32367149758454106
405,0.3850415512465374,0.02388888888888889,0.2541993281075028,0.90609706052941,0.9191919191919192,0.011834124317216742,0.20365535248041777,0.0296,0.09090909090909091,0.4982626824183461,0.9191919191919192,0.017821782178217824,0.322463768115942,0.2982456140350877,0.3850210970464135,0.3043478260869565
406,0.39058171745152354,0.024444444444444446,0.2541993281075028,0.8127717023806873,0.9292929292929294,0.2550534208678358,0.19712793733681463,0.0308,0.9191919191919192,0.5149409312022238,0.9292929292929294,0.019801980198019806,0.33333333333333337,0.30526315789473685,0.3755274261603375,0.28502415458937197
407,0.39750692520775627,0.025,0.25139977603583424,0.10797701704443935,0.9393939393939394,0.0018616005994825224,0.1906005221932115,0.032,0.9292929292929294,0.47046560111188324,0.9393939393939394,0.02772277227722772,0.34057971014492755,0.3157894736842105,0.3639240506329114,0.2608695652173913
408,0.40443213296398894,0.025555555555555557,0.2558790593505039,0.7404950195528405,0.8989898989898991,5.6554954920988015e-05,0.18407310704960836,0.0332,0.9393939393939394,0.4607366226546213,0.8989898989898991,0.031683168316831684,0.35144927536231885,0.32280701754385965,0.35232067510548526,0.23671497584541065
409,0.04293628808864266,0.026111111111111113,0.26427771556550955,0.6434643625380849,0.7676767676767677,0.0005891141137602918,0.17754569190600522,0.0344,0.9494949494949496,0.45726198749131347,0.8686868686868687,0.03762376237623762,0.03260869565217391,0.3333333333333333,0.3428270042194093,0.22705314009661837
410,0.4321329639889197,0.026666666666666665,0.2726763717805151,0.8784485443835438,0.0,0.0011923669662508307,0.17232375979112272,0.0356,0.9494949494949496,0.477414871438499,0.8282828282828284,0.04356435643564356,0.043478260869565216,0.34035087719298246,0.0,0.2077294685990338
411,0.44598337950138506,0.02722222222222222,0.2536394176931691,0.5705523315618369,0.0,0.0003628942940763398,0.16579634464751958,0.0364,0.8383838383838385,0.448227936066713,0.797979797979798,0.047524752475247525,0.050724637681159424,0.03508771929824562,0.0,0.18840579710144928
412,0.4584487534626039,0.02722222222222222,0.2558790593505039,0.41678290060033446,0.0,0.013884241433102558,0.1605744125326371,0.0368,0.8383838383838385,0.3898540653231411,0.797979797979798,0.05544554455445544,0.057971014492753624,0.042105263157894736,0.0,0.18357487922705312
413,0.46675900277008314,0.02722222222222222,0.2530795072788354,0.32008488560981735,0.0,0.008219320115183592,0.15535248041775457,0.037200000000000004,0.696969696969697,0.3655316191799861,0.696969696969697,0.061386138613861385,0.39492753623188404,0.052631578947368425,0.0,0.17391304347826086
414,0.47506925207756234,0.026666666666666665,0.25475923852183646,0.02313987520868398,0.0,0.019671698486683667,0.15013054830287206,0.037200000000000004,0.6262626262626263,0.3370396108408617,0.6262626262626263,0.06930693069306931,0.4021739130434782,0.05964912280701755,0.0,0.16908212560386474
415,0.4806094182825485,0.026666666666666665,0.20716685330347145,0.19872088793553888,0.0,0.0286262330158401,0.14621409921671016,0.0368,0.4545454545454546,0.3891591382904795,0.4545454545454546,0.07722772277227723,0.40942028985507245,0.38596491228070173,0.0,0.16425120772946858
416,0.39750692520775627,0.011666666666666667,0.0,0.0,0.9494949494949496,4.241621619074101e-05,0.2310704960835509,0.012400000000000001,0.9494949494949496,0.5239749826268242,0.9494949494949496,0.01188118811881188,0.2608695652173913,0.24912280701754386,0.42827004219409287,0.5120772946859903
417,0.4099722991689751,0.012222222222222223,0.0,0.41319776072007125,0.9595959595959597,0.0,0.2245430809399478,0.0128,0.9595959595959597,0.5239749826268242,0.9595959595959597,0.01188118811881188,0.2644927536231884,0.2526315789473684,0.42616033755274263,0.5120772946859903
418,0.0443213296398892,0.012222222222222223,0.0,0.4021765155152383,0.9696969696969697,0.0,0.21671018276762405,0.0128,0.9696969696969697,0.5767894371091036,0.9696969696969697,0.017821782178217824,0.2644927536231884,0.25614035087719295,0.419831223628692,0.5072463768115942
419,0.4307479224376731,0.012222222222222223,0.0,0.3879572556623034,0.9696969696969697,0.00023093273259403442,0.2101827676240209,0.0132,0.9696969696969697,0.5705350938151496,0.9696969696969697,0.02178217821782178,0.2681159420289855,0.2596491228070175,0.41455696202531644,0.497584541062802
420,0.44321329639889195,0.012222222222222223,0.23236282194848826,0.36019242106830407,0.9696969696969697,0.0006079657654006212,0.20365535248041777,0.0132,0.9595959595959597,0.5962473940236276,0.9696969696969697,0.02772277227722772,0.2717391304347826,0.2631578947368421,0.4061181434599156,0.4782608695652174
421,0.0443213296398892,0.012777777777777779,0.23236282194848826,0.31193350774600825,0.9696969696969697,0.002332891890490756,0.19712793733681463,0.013600000000000001,0.9494949494949496,0.6129256428075053,0.9696969696969697,0.03564356435643564,0.2753623188405797,0.26666666666666666,0.3808016877637131,0.44927536231884063
422,0.46675900277008314,0.012777777777777779,0.22620380739081747,0.20338509238286323,0.9494949494949496,0.001437438437575112,0.1919060052219321,0.013600000000000001,0.9696969696969697,0.4836692147324531,0.9494949494949496,0.04554455445544554,0.2789855072463768,0.2701754385964912,0.35443037974683544,0.4154589371980676
423,0.04709141274238227,0.012777777777777779,0.24188129899216126,0.16020589017495784,0.9292929292929294,0.0008153339334442439,0.185378590078329,0.014,0.8989898989898991,0.5462126476719945,0.9292929292929294,0.05544554455445544,0.28260869565217395,0.27368421052631575,0.33649789029535865,0.3816425120772947
424,0.4903047091412743,0.013333333333333332,0.2536394176931691,0.017294490783948666,1.0,0.0002026552551335404,0.1801566579634465,0.014400000000000001,0.9393939393939394,0.09034051424600417,1.0,0.06534653465346535,0.286231884057971,0.2771929824561403,0.3259493670886076,0.34782608695652173
425,0.4986149584487535,0.013333333333333332,0.25139977603583424,0.21284276598950633,0.9292929292929294,0.0036949237215045507,0.1762402088772846,0.014400000000000001,0.888888888888889,0.7984711605281446,0.9292929292929294,0.07326732673267326,0.28985507246376807,0.2842105263157894,0.3059071729957806,0.28502415458937197
426,0.5096952908587258,0.013333333333333332,0.30963045912653975,0.1750329332888519,0.8787878787878789,0.0,0.17101827676240208,0.0148,0.8282828282828284,0.6838082001389855,0.8787878787878789,0.08316831683168316,0.2934782608695652,0.28771929824561404,0.30168776371308015,0.27053140096618356
427,0.5221606648199446,0.013333333333333332,0.31970884658454646,0.11245110095578684,0.8383838383838385,9.42582582016467e-06,0.1671018276762402,0.0152,0.7676767676767677,0.49339819318971506,0.8383838383838385,0.09306930693069307,0.3007246376811594,0.29122807017543856,0.29430379746835444,0.25120772946859904
428,0.5346260387811634,0.013333333333333332,0.32642777155655095,0.6556082449132755,0.0,0.001055692491858443,0.16318537859007834,0.0152,0.7575757575757577,0.36483669214732456,0.8282828282828284,0.099009900990099,0.30434782608695654,0.29473684210526313,0.2911392405063291,0.22705314009661837
429,0.5346260387811634,0.013333333333333332,0.33426651735722285,0.967597744657004,0.0,0.004788319516643652,0.1605744125326371,0.015600000000000001,0.7474747474747475,0.3578874218207089,0.8181818181818182,0.100990099009901,0.3115942028985507,0.3017543859649122,0.28270042194092826,0.21256038647342998
430,0.5318559556786704,0.013888888888888888,0.3404255319148936,0.10636728527295773,0.0,0.0,0.1566579634464752,0.016,0.7272727272727273,0.344683808200139,0.8181818181818182,0.10297029702970296,0.31521739130434784,0.30526315789473685,0.28270042194092826,0.21739130434782608
431,0.5332409972299169,0.013888888888888888,0.3695408734602464,0.9712717042070511,0.0,0.08654321976784192,0.15404699738903396,0.0164,0.7171717171717172,0.34607366226546216,0.08080808080808081,0.100990099009901,0.322463768115942,0.30877192982456136,0.28270042194092826,0.21739130434782608
432,0.15650969529085873,0.0,0.0,0.0,0.9696969696969697,0.0,0.3955613577023499,0.0,0.9393939393939394,0.33078526754690757,0.9393939393939394,0.0019801980198019802,0.2355072463768116,0.22807017543859645,0.6814345991561181,0.6521739130434783
433,0.16066481994459836,0.0,0.0,0.4147085918862586,0.9797979797979799,0.0,0.03263707571801567,0.0,0.9595959595959597,0.33078526754690757,0.9595959595959597,0.0019801980198019802,0.24275362318840582,0.23157894736842102,0.6782700421940928,0.6521739130434783
434,0.015235457063711912,0.0,0.0,0.3261681037065128,0.9494949494949496,0.0,0.37467362924281983,0.0,0.9393939393939394,0.2981236970118138,0.9393939393939394,0.0019801980198019802,0.2463768115942029,0.23859649122807017,0.6782700421940928,0.6570048309178743
435,0.1662049861495845,0.0,0.0,0.3361436023254538,0.9494949494949496,0.0,0.36553524804177545,0.0,0.9494949494949496,0.32036136205698407,0.9494949494949496,0.0039603960396039604,0.25362318840579706,0.24561403508771926,0.6708860759493671,0.6376811594202898
436,0.16759002770083103,0.0,0.28331466965285557,0.4416441426000623,0.09090909090909091,0.0,0.35509138381201044,0.0,0.09090909090909091,0.31966643502432246,0.09090909090909091,0.0039603960396039604,0.2608695652173913,0.24912280701754386,0.6666666666666666,0.6328502415458936
437,0.1689750692520776,0.0,0.2653975363941769,0.2873649385134467,0.98989898989899,0.0,0.34595300261096606,0.0,1.0,0.3356497567755386,1.0,0.005940594059405941,0.2644927536231884,0.25614035087719295,0.6613924050632911,0.6135265700483091
438,0.1703601108033241,0.0,0.24860022396416576,0.3405396933332941,0.98989898989899,0.0,0.3368146214099217,0.0,1.0,0.2946490618485059,1.0,0.005940594059405941,0.2717391304347826,0.2631578947368421,0.6550632911392406,0.5990338164251208
439,0.1703601108033241,0.0,0.23236282194848826,0.36121696095901146,0.98989898989899,0.0,0.32898172323759794,0.0,1.0,0.27519110493398197,1.0,0.005940594059405941,0.2789855072463768,0.2701754385964912,0.6487341772151899,0.5893719806763285
440,0.1731301939058172,0.0,0.2950727883538634,0.03460347388304478,0.9696969696969697,0.0,0.31984334203655357,0.0,0.98989898989899,0.29881862404447534,0.98989898989899,0.009900990099009901,0.28985507246376807,0.2771929824561403,0.6350210970464135,0.5748792270531401
441,0.1772853185595568,0.0,0.2374020156774916,0.2649505397824914,0.9595959595959597,0.0,0.31201044386422977,0.0,0.9797979797979799,0.3551077136900626,0.9696969696969697,0.009900990099009901,0.29710144927536236,0.28771929824561404,0.6286919831223629,0.5748792270531401
442,0.1842105263157895,0.0,0.23796192609182532,0.3355353953653084,0.9393939393939394,0.0,0.304177545691906,0.0,0.9595959595959597,0.3377345378735233,0.9595959595959597,0.013861386138613862,0.30434782608695654,0.29473684210526313,0.6139240506329113,0.5410628019323671
443,0.018005540166204984,0.0,0.2340425531914894,0.024053664739690478,0.9191919191919192,0.0,0.2963446475195822,0.0,0.9494949494949496,0.3891591382904795,0.9393939393939394,0.013861386138613862,0.3115942028985507,0.3017543859649122,0.6054852320675105,0.536231884057971
444,0.19806094182825487,0.0,0.23236282194848826,0.00020943210383152547,0.6666666666666667,0.0,0.2898172323759791,0.0,0.9393939393939394,0.3474635163307853,0.9292929292929294,0.015841584158415842,0.31884057971014496,0.30877192982456136,0.6033755274261603,0.5458937198067633
445,0.20360110803324102,0.0,0.21332586786114222,0.15546381252165054,0.04040404040404041,0.0,0.2819843342036554,0.0,0.9292929292929294,0.359277275886032,0.9191919191919192,0.013861386138613862,0.3297101449275362,0.3157894736842105,0.600210970464135,0.5458937198067633
446,0.20914127423822715,0.0,0.21276595744680854,0.15099265353700275,0.0,0.0,0.27545691906005226,0.0,0.9191919191919192,0.36066712995135514,0.09090909090909091,0.013861386138613862,0.33695652173913043,0.32280701754385965,0.5928270042194094,0.5314009661835749
447,0.21329639889196678,0.0,0.19484882418812993,0.1227770760292558,0.0,9.42582582016467e-06,0.26762402088772846,0.0,0.09090909090909091,0.33425990271021544,0.09090909090909091,0.013861386138613862,0.3442028985507246,0.32982456140350874,0.0,0.5458937198067633
448,0.23961218836565099,0.005555555555555556,0.0,0.0,0.8989898989898991,0.0,0.2428198433420366,0.0048000000000000004,0.8787878787878789,0.39471855455177207,0.8989898989898991,0.0019801980198019802,0.06521739130434782,0.06315789473684211,0.5886075949367089,0.5265700483091788
449,0.24653739612188366,0.006111111111111111,0.0,0.1219965244668923,0.888888888888889,0.0,0.23368146214099217,0.0048000000000000004,0.8787878787878789,0.39471855455177207,0.888888888888889,0.0019801980198019802,0.06521739130434782,0.38245614035087716,0.5833333333333334,0.5265700483091788
450,0.25207756232686984,0.006111111111111111,0.0,0.8772691190015577,0.8383838383838385,0.0,0.2245430809399478,0.005200000000000001,0.6666666666666667,0.4120917303683113,0.8383838383838385,0.0019801980198019802,0.39492753623188404,0.38596491228070173,0.5759493670886077,0.5217391304347826
451,0.2562326869806094,0.006666666666666666,0.0,0.6926153487546998,0.8686868686868687,7.069369365123502e-05,0.21671018276762405,0.0056,0.8484848484848485,0.43363446838082004,0.8686868686868687,0.0039603960396039604,0.39492753623188404,0.38947368421052625,0.569620253164557,0.5169082125603864
452,0.02493074792243767,0.007222222222222222,0.11814109742441212,0.6028540038231243,0.888888888888889,0.003402723121079446,0.20887728459530028,0.006,0.8787878787878789,0.3919388464211258,0.888888888888889,0.0039603960396039604,0.39492753623188404,0.38947368421052625,0.5622362869198313,0.5169082125603864
453,0.26454293628808867,0.0077777777777777776,0.12262038073908177,0.569781899398456,0.8989898989898991,0.005448127324055179,0.20104438642297648,0.0064,0.888888888888889,0.41348158443363453,0.8989898989898991,0.007920792079207921,0.39492753623188404,0.3929824561403509,0.5474683544303798,0.5120772946859903
454,0.26869806094182824,0.008333333333333333,0.1187010078387458,0.48434165602750245,0.9292929292929294,0.02252301079728348,0.19451697127937337,0.0068000000000000005,0.9595959595959597,0.4419735927727589,0.9494949494949496,0.009900990099009901,0.39855072463768115,0.3964912280701754,0.5485232067510548,0.5072463768115942
455,0.2742382271468144,0.008888888888888889,0.12486002239641661,0.5318786080728366,0.9191919191919192,0.01984607626435671,0.18668407310704963,0.007200000000000001,0.9191919191919192,0.3856845031271717,0.9191919191919192,0.01188118811881188,0.4021739130434782,0.3964912280701754,0.5390295358649789,0.5072463768115942
456,0.03185595567867036,0.008888888888888889,0.11590145576707728,0.5783059888090333,0.8282828282828284,0.00185688768657244,0.1801566579634465,0.008,0.8282828282828284,0.260597637248089,0.8282828282828284,0.015841584158415842,0.4057971014492754,0.39999999999999997,0.5221518987341772,0.497584541062802
457,0.29778393351800553,0.009444444444444445,0.11310190369540873,0.5158960410189989,0.08080808080808081,0.0008860276270954789,0.17362924281984335,0.008400000000000001,0.08080808080808081,0.31132731063238367,0.08080808080808081,0.019801980198019806,0.40942028985507245,0.40350877192982454,0.5094936708860759,0.48792270531400966
458,0.32271468144044324,0.01,0.11086226203807392,0.623210144426603,0.0,0.0012442090082617364,0.16840731070496084,0.0088,0.8282828282828284,0.4058373870743572,0.8282828282828284,0.025742574257425738,0.41304347826086957,0.40350877192982454,0.4957805907172996,0.4830917874396135
459,0.3490304709141274,0.010555555555555556,0.0767077267637178,0.083999808472342,0.0,0.0016589453443489818,0.16318537859007834,0.009600000000000001,0.8686868686868687,0.44683808200138986,0.8585858585858587,0.031683168316831684,0.41666666666666663,0.40701754385964906,0.48312236286919835,0.4685990338164251
460,0.3698060941828255,0.011666666666666667,0.08006718924972005,0.5568733442640251,0.0,0.0030775321302837647,0.15796344647519583,0.010400000000000001,0.696969696969697,0.4683808200138986,0.696969696969697,0.03564356435643564,0.41666666666666663,0.40701754385964906,0.4694092827004219,0.44927536231884063
461,0.3767313019390582,0.012777777777777779,0.07950727883538634,0.30961698382959235,0.0,0.006414274470622058,0.15404699738903396,0.011600000000000001,0.5454545454545455,0.41348158443363453,0.5454545454545455,0.039603960396039604,0.41666666666666663,0.4105263157894737,0.45042194092827004,0.3961352657004831
462,0.3767313019390582,0.013888888888888888,0.09518477043673013,0.27735479462304846,0.0,0.01772526545481966,0.14882506527415143,0.0132,0.595959595959596,0.39610840861709523,0.06060606060606061,0.041584158415841586,0.41666666666666663,0.4105263157894737,0.4345991561181434,0.36714975845410625
463,0.3781163434903047,0.015,0.083986562150056,3.2896090567463583e-11,0.0,0.057671915280677534,0.14490861618798956,0.014400000000000001,0.6262626262626263,0.40792216817234195,0.595959595959596,0.039603960396039604,0.41666666666666663,0.4140350877192982,0.4229957805907173,0.34782608695652173
464,0.4930747922437673,0.025,0.0,0.0,0.8484848484848485,0.008525659454338943,0.36553524804177545,0.027200000000000002,0.8383838383838385,0.2849200833912439,0.8484848484848485,0.06732673267326733,0.19927536231884058,0.1894736842105263,0.5421940928270043,0.5024154589371981
465,0.5055401662049862,0.026111111111111113,0.0,0.6149411370511503,0.8787878787878789,0.00391643062827842,0.3577023498694517,0.0284,0.8686868686868687,0.2849200833912439,0.8787878787878789,0.0712871287128713,0.2028985507246377,0.1964912280701754,0.5348101265822784,0.5024154589371981
466,0.502770083102493,0.026666666666666665,0.0,0.6318316613115211,0.8989898989898991,0.0035818138116625745,0.34986945169712796,0.0292,0.888888888888889,0.2981236970118138,0.8989898989898991,0.07722772277227723,0.20652173913043478,0.19999999999999998,0.5284810126582279,0.5024154589371981
467,0.5096952908587258,0.027777777777777776,0.0,0.6867171284404384,0.8585858585858587,0.002870163962240142,0.34203655352480417,0.0304,0.8585858585858587,0.3015983321751216,0.8585858585858587,0.0891089108910891,0.21014492753623193,0.20350877192982456,0.5232067510548524,0.5024154589371981
468,0.5124653739612188,0.028333333333333332,0.3460246360582307,0.83318203701489,0.8282828282828284,0.0023753081066814966,0.3342036553524805,0.0316,0.08080808080808081,0.27519110493398197,0.8282828282828284,0.09504950495049505,0.21376811594202902,0.2070175438596491,0.5126582278481012,0.4830917874396135
469,0.04986149584487535,0.029444444444444443,0.3437849944008959,0.10106552293071921,0.8484848484848485,0.0011310990984197604,0.3263707571801567,0.0328,0.8383838383838385,0.36692147324530927,0.8484848484848485,0.10693069306930693,0.21739130434782608,0.21403508771929822,0.5063291139240507,0.4685990338164251
470,0.5152354570637119,0.03,0.32922732362821944,0.905748751351311,0.08080808080808081,0.001182941140430666,0.3185378590078329,0.034,0.797979797979798,0.39610840861709523,0.08080808080808081,0.12277227722772277,0.22463768115942032,0.2175438596491228,0.49894514767932485,0.4444444444444444
471,0.5277008310249308,0.03111111111111111,0.3297872340425532,0.0688208722661914,0.8484848484848485,0.002332891890490756,0.31201044386422977,0.034800000000000005,0.8282828282828284,0.35997220291869353,0.8484848484848485,0.1306930693069307,0.22826086956521743,0.2245614035087719,0.4915611814345992,0.42512077294685996
472,0.5457063711911357,0.03166666666666667,0.3040313549832027,0.7575393799728883,0.8282828282828284,0.0004712912910082335,0.3054830287206266,0.0356,0.8181818181818182,0.33078526754690757,0.8282828282828284,0.13663366336633664,0.2355072463768116,0.22807017543859645,0.4810126582278481,0.3864734299516908
473,0.5443213296398892,0.03222222222222222,0.29171332586786114,9.640879852692602e-11,0.8181818181818182,0.0009237309303761377,0.2976501305483029,0.0364,0.787878787878788,0.32592077831827665,0.8181818181818182,0.1405940594059406,0.23913043478260873,0.2350877192982456,0.4810126582278481,0.3961352657004831
474,0.004155124653739612,0.03222222222222222,0.2810750279955207,0.7315347946335838,0.797979797979798,0.0028513123105998127,0.29112271540469975,0.037200000000000004,0.797979797979798,0.330090340514246,0.08080808080808081,0.14455445544554457,0.2463768115942029,0.2421052631578947,0.4810126582278481,0.40096618357487923
475,0.5692520775623269,0.03277777777777778,0.2631578947368421,0.7189165657941824,0.0,0.0016872228218094759,0.28459530026109664,0.0376,0.7272727272727273,0.3287004864489229,0.7373737373737375,0.14653465346534653,0.25,0.24561403508771926,0.479957805907173,0.3961352657004831
476,0.5692520775623269,0.03333333333333333,0.25923852183650614,0.6775105547977255,0.0,0.004236908706164019,0.2780678851174935,0.038,0.7272727272727273,0.34537873523280055,0.7373737373737375,0.1504950495049505,0.2572463768115942,0.2526315789473684,0.4767932489451477,0.3913043478260869
477,0.06371191135734072,0.03333333333333333,0.2558790593505039,0.5379474610643058,0.0,0.00682429789379922,0.27154046997389036,0.0388,0.6666666666666667,0.3377345378735233,0.6666666666666667,0.15247524752475247,0.2644927536231884,0.2596491228070175,0.4767932489451477,0.4057971014492754
478,0.055401662049861494,0.03388888888888889,0.24748040313549832,0.4180527907668648,0.0,0.1127988575899106,0.26501305483028725,0.0396,0.6161616161616162,0.3266157053509382,0.6363636363636365,0.15445544554455445,0.2681159420289855,0.26666666666666666,0.4609704641350211,0.3429951690821256
479,0.5443213296398892,0.034444444444444444,0.2183650615901456,0.4728396307417358,0.0,0.06894520296159448,0.024804177545691905,0.04,0.5757575757575758,0.31132731063238367,0.6262626262626263,0.1504950495049505,0.2753623188405797,0.2701754385964912,0.45675105485232065,0.33333333333333337
480,0.08725761772853186,0.0011111111111111111,0.4529675251959686,0.0,0.5555555555555556,0.0009190180174660553,0.8616187989556137,0.0008,0.9191919191919192,0.10076441973592773,0.9191919191919192,0.0,0.018115942028985504,0.014035087719298244,0.9694092827004219,0.7874396135265701
481,0.0886426592797784,0.0011111111111111111,0.4529675251959686,0.10235912933366668,0.5555555555555556,0.001969997596414416,0.85378590078329,0.0008,0.9191919191919192,0.10076441973592773,0.9191919191919192,0.0,0.014492753623188406,0.014035087719298244,0.9620253164556962,0.7681159420289855
482,0.09141274238227147,0.0011111111111111111,0.4585666293393057,0.9749316292975018,0.5555555555555556,0.00039117177153683377,0.8459530026109662,0.0008,0.9191919191919192,0.11605281445448228,0.9191919191919192,0.0,0.014492753623188406,0.014035087719298244,0.9588607594936709,0.7681159420289855
483,0.09279778393351801,0.0011111111111111111,0.46416573348264284,0.976474997956901,0.07070707070707072,4.712912910082335e-05,0.839425587467363,0.0008,1.0,0.12369701181375957,0.9595959595959597,0.0,0.014492753623188406,0.014035087719298244,0.9567510548523207,0.7681159420289855
484,0.09279778393351801,0.0011111111111111111,0.4585666293393057,0.9735345603611887,0.07070707070707072,0.003784469066796115,0.8315926892950393,0.0008,0.8787878787878789,0.12647671994440585,0.8787878787878789,0.0,0.014492753623188406,0.014035087719298244,0.9525316455696202,0.7681159420289855
485,0.008310249307479223,0.0011111111111111111,0.46976483762597987,0.8663972155397373,0.5656565656565657,0.00046657837809815114,0.8237597911227155,0.0008,0.888888888888889,0.778318276580959,0.8989898989898991,0.0,0.014492753623188406,0.010526315789473684,0.9472573839662447,0.7681159420289855
486,0.09833795013850416,0.0011111111111111111,0.46976483762597987,0.008663796254125956,0.42424242424242425,6.598078074115269e-05,0.8172323759791124,0.0008,0.8989898989898991,0.7762334954829744,0.9191919191919192,0.0,0.014492753623188406,0.010526315789473684,0.9472573839662447,0.7681159420289855
487,0.10110803324099724,0.0011111111111111111,0.46416573348264284,0.8447877459989875,0.2828282828282829,0.00029220060042510476,0.8093994778067887,0.0008,0.8989898989898991,0.09034051424600417,0.9292929292929294,0.0,0.014492753623188406,0.010526315789473684,0.9462025316455697,0.7632850241545894
488,0.10110803324099724,0.0011111111111111111,0.46416573348264284,0.7959878934213833,0.14141414141414144,0.0004760042039183158,0.8028720626631854,0.0008,0.09090909090909091,0.6831132731063239,0.9494949494949496,0.0,0.014492753623188406,0.010526315789473684,0.9430379746835443,0.7632850241545894
489,0.10249307479224376,0.0011111111111111111,0.4585666293393057,0.7724564724858595,0.14141414141414144,6.126786783107035e-05,0.7950391644908618,0.0008,0.9595959595959597,0.6775538568450313,0.9595959595959597,0.0,0.014492753623188406,0.010526315789473684,0.939873417721519,0.7632850241545894
490,0.1038781163434903,0.0011111111111111111,0.4473684210526316,0.6343646220909879,0.14141414141414144,2.8277477460494007e-05,0.787206266318538,0.0008,0.9393939393939394,0.6650451702571231,0.9393939393939394,0.0,0.014492753623188406,0.010526315789473684,0.9345991561181435,0.7632850241545894
491,0.10526315789473684,0.0011111111111111111,0.43617021276595747,0.5522443032432148,0.14141414141414144,3.2990390370576346e-05,0.0731070496083551,0.0008,0.9191919191919192,0.6643502432244615,0.9191919191919192,0.0,0.014492753623188406,0.010526315789473684,0.929324894514768,0.7632850241545894
492,0.10664819944598337,0.0011111111111111111,0.4305711086226204,0.4695594211559504,0.14141414141414144,7.069369365123502e-05,0.06527415143603134,0.0008,0.888888888888889,0.6629603891591382,0.9191919191919192,0.0,0.014492753623188406,0.010526315789473684,0.9251054852320675,0.7632850241545894
493,0.10803324099722991,0.0011111111111111111,0.4305711086226204,0.39022958575028016,0.0,2.8277477460494007e-05,0.7610966057441254,0.0008,0.888888888888889,0.6511466296038916,0.888888888888889,0.0,0.014492753623188406,0.010526315789473684,0.919831223628692,0.7632850241545894
494,0.009695290858725761,0.0011111111111111111,0.4249720044792833,0.3671147813132607,0.0,0.00016023903894279938,0.7506527415143605,0.0008,0.888888888888889,0.6323835997220292,0.8989898989898991,0.0,0.014492753623188406,0.010526315789473684,0.9145569620253164,0.7632850241545894
495,0.11218836565096953,0.0011111111111111111,0.4249720044792833,0.037937549959048425,0.0,0.0009708600594769609,0.741514360313316,0.0008,0.888888888888889,0.6025017373175817,0.8989898989898991,0.0,0.014492753623188406,0.014035087719298244,0.9113924050632911,0.7681159420289855
496,0.5484764542936288,0.008333333333333333,0.0,0.0,0.4747474747474748,0.0007069369365123502,0.283289817232376,0.008400000000000001,0.4747474747474748,0.29186935371785966,0.4747474747474748,0.08514851485148515,0.2934782608695652,0.2842105263157894,0.3660337552742616,0.3429951690821256
497,0.6038781163434903,0.008333333333333333,0.0,0.5352797483178032,0.4747474747474748,0.0009897117111172904,0.27545691906005226,0.0088,0.4747474747474748,0.29186935371785966,0.4747474747474748,0.08712871287128712,0.3007246376811594,0.28771929824561404,0.3639240506329114,0.3429951690821256
498,0.6232686980609419,0.008888888888888889,0.0,0.524642422454787,0.23232323232323235,0.0028088960944090717,0.2689295039164491,0.0092,0.23232323232323235,0.26546212647671996,0.23232323232323235,0.099009900990099,0.30434782608695654,0.29473684210526313,0.39029535864978904,0.3429951690821256
499,0.6066481994459834,0.008888888888888889,0.0,0.735694861455469,0.4747474747474748,0.0006645207203216093,0.26370757180156656,0.0092,0.4747474747474748,0.25156358582348853,0.4747474747474748,0.099009900990099,0.3115942028985507,0.2982456140350877,0.3860759493670886,0.3429951690821256
500,0.6121883656509696,0.008888888888888889,0.0923852183650616,0.5862621932986968,0.4747474747474748,0.0032000678659459053,0.022193211488250653,0.009600000000000001,0.4747474747474748,0.2592077831827658,0.4747474747474748,0.11287128712871286,0.31521739130434784,0.30526315789473685,0.3808016877637131,0.32850241545893716
501,0.6163434903047091,0.009444444444444445,0.0929451287793953,0.4355546698820214,0.4545454545454546,9.42582582016467e-06,0.01566579634464752,0.009600000000000001,0.4646464646464647,0.27102154273801254,0.4545454545454546,0.12871287128712872,0.322463768115942,0.30877192982456136,0.3713080168776371,0.3188405797101449
502,0.6260387811634349,0.009444444444444445,0.08678611422172454,0.4051843264901709,0.42424242424242425,5.184204201090568e-05,0.2454308093994778,0.01,0.4545454545454546,0.24878387769284227,0.42424242424242425,0.14257425742574256,0.32608695652173914,0.3157894736842105,0.3639240506329114,0.3091787439613527
503,0.6592797783933518,0.009444444444444445,0.08454647256438971,0.6745268537088087,0.0,5.6554954920988015e-05,0.24020887728459528,0.01,0.4646464646464647,0.29881862404447534,0.4545454545454546,0.16237623762376238,0.33333333333333337,0.319298245614035,0.3565400843881857,0.3043478260869565
504,0.6842105263157895,0.009444444444444445,0.0834266517357223,0.6014810431701824,0.0,0.00023093273259403442,0.2349869451697128,0.010400000000000001,0.4646464646464647,0.3057678943710911,0.48484848484848486,0.17623762376237623,0.33695652173913043,0.32631578947368417,0.34810126582278483,0.2995169082125604
505,0.07617728531855955,0.009444444444444445,0.08566629339305712,0.4697870318580156,0.0,1.4138738730247004e-05,0.22976501305483032,0.010400000000000001,0.4747474747474748,0.2772758860319667,0.5151515151515152,0.19603960396039605,0.3442028985507246,0.3333333333333333,0.3407172995780591,0.2898550724637681
506,0.7063711911357341,0.009444444444444445,0.0834266517357223,0.409897207964086,0.0,0.0022197819806487797,0.2245430809399478,0.010400000000000001,0.4747474747474748,0.2981236970118138,0.5454545454545455,0.21980198019801978,0.34782608695652173,0.33684210526315783,0.33649789029535865,0.28502415458937197
507,0.7077562326869806,0.009444444444444445,0.0834266517357223,0.4156971549081133,0.0,0.005811021618131519,0.2206266318537859,0.010400000000000001,0.4545454545454546,0.2849200833912439,0.5151515151515152,0.23564356435643563,0.35507246376811596,0.343859649122807,0.3322784810126582,0.2753623188405797
508,0.06925207756232687,0.009444444444444445,0.08286674132138859,0.461924209166538,0.0,0.0030728192173736825,0.21540469973890342,0.010400000000000001,0.4444444444444445,0.2995135510771369,0.4747474747474748,0.2514851485148515,0.03260869565217391,0.03508771929824562,0.3333333333333333,0.27053140096618356
509,0.07894736842105263,0.009444444444444445,0.08174692049272117,0.031646381403524826,0.0,0.00442071230965723,0.21148825065274152,0.01,0.42424242424242425,0.2890896455872134,0.4444444444444445,0.2633663366336634,0.03985507246376811,0.03859649122807018,0.3322784810126582,0.2608695652173913
510,0.07340720221606647,0.009444444444444445,0.08454647256438971,0.33708783038597256,0.0,0.013370533925903583,0.206266318537859,0.01,0.04040404040404041,0.2744961779013204,0.04040404040404041,0.2732673267326733,0.04710144927536231,0.045614035087719294,0.33122362869198313,0.25603864734299514
511,0.0664819944598338,0.008888888888888889,0.083986562150056,0.3083470985711613,0.0,0.015114311702634048,0.20234986945169714,0.01,0.38383838383838387,0.2946490618485059,0.37373737373737376,0.2811881188118812,0.050724637681159424,0.04912280701754386,0.3291139240506329,0.25120772946859904
512,0.4916897506925208,0.025555555555555557,0.0,0.0,0.4646464646464647,0.001969997596414416,0.23629242819843344,0.0308,0.5252525252525253,0.25156358582348853,0.4646464646464647,0.05346534653465346,0.30434782608695654,0.29122807017543856,0.4156118143459916,0.3526570048309179
513,0.5,0.025555555555555557,0.0,0.011320748243279393,0.37373737373737376,0.006008963960354977,0.2310704960835509,0.031200000000000002,0.4444444444444445,0.25156358582348853,0.37373737373737376,0.05544554455445544,0.3115942028985507,0.29473684210526313,0.41139240506329117,0.3526570048309179
514,0.5055401662049862,0.025555555555555557,0.03527435610302351,0.7665031332145653,0.393939393939394,0.0010651183176786077,0.2245430809399478,0.031200000000000002,0.4646464646464647,0.23766504517025713,0.393939393939394,0.05940594059405941,0.31521739130434784,0.3017543859649122,0.40822784810126583,0.3526570048309179
515,0.5069252077562327,0.025555555555555557,0.0341545352743561,0.057919849952584486,0.04040404040404041,0.0005655495492098802,0.2206266318537859,0.0316,0.5151515151515152,0.20847810979847117,0.04040404040404041,0.06930693069306931,0.322463768115942,0.30877192982456136,0.40189873417721517,0.3526570048309179
516,0.5041551246537396,0.025555555555555557,0.03079507278835387,0.6787469738303546,0.33333333333333337,0.040766696672212194,0.21540469973890342,0.0316,0.04040404040404041,0.22029186935371786,0.33333333333333337,0.07524752475247524,0.3297101449275362,0.3157894736842105,0.39029535864978904,0.32367149758454106
517,0.502770083102493,0.025555555555555557,0.027435610302351626,0.43645312360595423,0.393939393939394,0.000914305104555973,0.2101827676240209,0.032,0.43434343434343436,0.20500347463516333,0.393939393939394,0.0792079207920792,0.33695652173913043,0.32280701754385965,0.37974683544303794,0.32367149758454106
518,0.04986149584487535,0.025555555555555557,0.025755879059350503,0.4991136750408955,0.24242424242424243,0.0007776306301635852,0.20496083550913838,0.032,0.32323232323232326,0.23002084781097987,0.24242424242424243,0.08514851485148515,0.3442028985507246,0.32982456140350874,0.3618143459915612,0.3043478260869565
519,0.5443213296398892,0.025555555555555557,0.024636058230683093,0.4917312749404234,0.17171717171717174,0.00029691351333518707,0.20104438642297648,0.032,0.030303030303030304,0.2029186935371786,0.19191919191919193,0.09108910891089109,0.35144927536231885,0.33684210526315783,0.3565400843881857,0.2898550724637681
520,0.5443213296398892,0.025555555555555557,0.02295632698768197,0.5972779783932824,0.0,0.0020783945933463095,0.19712793733681463,0.032,0.38383838383838387,0.23280055594162616,0.2828282828282829,0.09504950495049505,0.03260869565217391,0.031578947368421054,0.3227848101265823,0.2753623188405797
521,0.5720221606648199,0.025,0.022396416573348264,0.6277585211355612,0.0,0.007512383178671242,0.1919060052219321,0.032,0.494949494949495,0.23071577484364142,0.04040404040404041,0.099009900990099,0.043478260869565216,0.03859649122807018,0.31962025316455694,0.26570048309178745
522,0.062326869806094184,0.025,0.02295632698768197,0.8950835256481152,0.0,9.42582582016467e-06,0.18798955613577026,0.0316,0.37373737373737376,0.2717164697706741,0.25252525252525254,0.100990099009901,0.050724637681159424,0.045614035087719294,0.3227848101265823,0.27053140096618356
523,0.060941828254847646,0.024444444444444446,0.01847704367301232,0.7250415879757738,0.0,0.048656112883690025,0.18407310704960836,0.031200000000000002,0.31313131313131315,0.39749826268241834,0.21212121212121213,0.100990099009901,0.057971014492753624,0.052631578947368425,0.31751054852320676,0.27053140096618356
524,0.05817174515235457,0.024444444444444446,0.02295632698768197,0.39858209171469533,0.0,0.07446873689221098,0.1801566579634465,0.0308,0.36363636363636365,0.38151494093120225,0.23232323232323235,0.099009900990099,0.06521739130434782,0.05964912280701755,0.2995780590717299,0.2608695652173913
525,0.05817174515235457,0.02388888888888889,0.01959686450167973,0.304471556771073,0.0,0.03429586724666915,0.17493472584856398,0.0304,0.31313131313131315,0.5788742182070883,0.25252525252525254,0.09702970297029703,0.39855072463768115,0.38245614035087716,0.31962025316455694,0.24637681159420288
526,0.004155124653739612,0.023333333333333334,0.016237402015677492,0.2691881203171255,0.0,0.1173892347643308,0.17101827676240208,0.030000000000000002,0.26262626262626265,0.47949965253648374,0.26262626262626265,0.09306930693069307,0.4057971014492754,0.38947368421052625,0.3164556962025316,0.23671497584541065
527,0.05955678670360111,0.02277777777777778,0.01343784994400896,0.2156259865464316,0.0,0.01671198917915196,0.16840731070496084,0.0296,0.030303030303030304,0.43641417651146636,0.36363636363636365,0.0891089108910891,0.41304347826086957,0.3964912280701754,0.0,0.22705314009661837
528,0.11218836565096953,0.0011111111111111111,0.40033594624860025,0.0,0.9797979797979799,4.241621619074101e-05,0.8198433420365536,0.0008,0.9696969696969697,0.5413481584433635,0.9696969696969697,0.0,0.025362318840579712,0.02456140350877193,0.8913502109704641,0.7874396135265701
529,0.11357340720221606,0.0011111111111111111,0.40033594624860025,0.23568889175429736,0.9595959595959597,0.0,0.8107049608355092,0.0008,0.9595959595959597,0.5413481584433635,0.9595959595959597,0.0,0.025362318840579712,0.02456140350877193,0.8871308016877637,0.7826086956521738
530,0.1149584487534626,0.0011111111111111111,0.40257558790593506,0.24462588583814326,0.09090909090909091,0.0,0.8028720626631854,0.0008,0.09090909090909091,0.5232800555941627,0.9191919191919192,0.0,0.025362318840579712,0.02456140350877193,0.8765822784810127,0.7536231884057971
531,0.1149584487534626,0.0011111111111111111,0.37793952967525196,0.2264514532785882,0.09090909090909091,0.0,0.7937336814621411,0.0008,0.09090909090909091,0.5031271716469771,0.09090909090909091,0.0,0.025362318840579712,0.02456140350877193,0.871308016877637,0.748792270531401
532,0.11772853185595568,0.0011111111111111111,0.4059350503919373,0.021196407507806984,0.9494949494949496,2.8277477460494007e-05,0.7859007832898174,0.0008,0.9393939393939394,0.4864489228630994,0.9494949494949496,0.0,0.025362318840579712,0.02456140350877193,0.8649789029535865,0.7439613526570048
533,0.12188365650969529,0.0011111111111111111,0.44344904815229563,0.17778589571395628,0.9292929292929294,0.0,0.0731070496083551,0.0008,0.9292929292929294,0.48436414176511466,0.9292929292929294,0.0,0.025362318840579712,0.028070175438596492,0.859704641350211,0.7342995169082125
534,0.12465373961218836,0.0011111111111111111,0.42889137737961924,0.018182597132693646,0.9494949494949496,4.712912910082335e-06,0.7689295039164492,0.0008,0.9494949494949496,0.5135510771369006,0.9494949494949496,0.0,0.025362318840579712,0.028070175438596492,0.860759493670886,0.7391304347826088
535,0.12049861495844875,0.0011111111111111111,0.4087346024636058,0.24195260710667965,0.9595959595959597,0.0,0.7610966057441254,0.0008,0.9595959595959597,0.477414871438499,0.9595959595959597,0.0,0.02898550724637681,0.028070175438596492,0.8481012658227849,0.7342995169082125
536,0.0110803324099723,0.0011111111111111111,0.41321388577827545,0.20983385429817697,0.9292929292929294,0.0,0.7532637075718017,0.0008,0.9595959595959597,0.4412786657400973,0.9696969696969697,0.0,0.02898550724637681,0.028070175438596492,0.8407172995780591,0.7149758454106281
537,0.12465373961218836,0.0011111111111111111,0.40985442329227323,0.12777982413967415,0.9595959595959597,0.0,0.7454308093994779,0.0008,0.9494949494949496,0.4294649061848506,0.9494949494949496,0.0,0.02898550724637681,0.028070175438596492,0.839662447257384,0.7198067632850241
538,0.12742382271468145,0.0011111111111111111,0.4232922732362822,0.9565429712240534,0.0,0.0,0.7362924281984335,0.0008,0.9292929292929294,0.46490618485059076,0.9191919191919192,0.0,0.02898550724637681,0.031578947368421054,0.8333333333333334,0.7053140096618358
539,0.1329639889196676,0.0011111111111111111,0.35330347144456886,0.7891587537084919,0.0,0.0,0.7284595300261097,0.0008,0.9494949494949496,0.4815844336344684,0.9393939393939394,0.0,0.02898550724637681,0.031578947368421054,0.8238396624472574,0.6908212560386474
540,0.0,0.0011111111111111111,0.3561030235162374,0.5850648139892274,0.0,4.712912910082335e-06,0.7193211488250654,0.0008,0.9696969696969697,0.5100764419735928,0.9696969696969697,0.0,0.03260869565217391,0.031578947368421054,0.8175105485232068,0.6763285024154589
541,0.013850415512465374,0.0011111111111111111,0.33874580067189247,0.6768978578281886,0.0,0.0,0.710182767624021,0.0012000000000000001,0.9797979797979799,0.4503127171646978,0.9797979797979799,0.0,0.03260869565217391,0.031578947368421054,0.810126582278481,0.6714975845410628
542,0.02077562326869806,0.0011111111111111111,0.3409854423292273,0.6886480861974674,0.0,0.0,0.7010443864229766,0.0012000000000000001,0.9696969696969697,0.45239749826268244,0.9797979797979799,0.0,0.03260869565217391,0.031578947368421054,0.8027426160337553,0.6618357487922705
543,0.01662049861495845,0.0011111111111111111,0.34882418812989924,0.7427099108556153,0.0,0.0,0.6919060052219322,0.0012000000000000001,0.9191919191919192,0.4447533009034052,0.9191919191919192,0.0,0.036231884057971016,0.03508771929824562,0.7964135021097046,0.6521739130434783
544,0.11634349030470914,0.08722222222222223,0.32306830907054873,0.0,1.0,0.1996437037839978,0.4164490861618799,0.0732,1.0,0.3856845031271717,1.0,0.0,0.12681159420289856,0.09824561403508772,0.7742616033755274,0.6521739130434783
545,0.11772853185595568,0.095,0.32306830907054873,0.11005600417882147,1.0,0.24803118063181312,0.40339425587467365,0.0792,1.0,0.3856845031271717,1.0,0.0,0.13043478260869568,0.10175438596491228,0.7626582278481012,0.6328502415458936
546,0.12049861495844875,0.10277777777777777,0.3236282194848824,0.9971987757334413,1.0,0.1266972377617434,0.037859007832898174,0.0864,1.0,0.3745656706045865,1.0,0.0,0.13405797101449277,0.10877192982456141,0.7521097046413502,0.6135265700483091
547,0.12188365650969529,0.11166666666666666,0.3208286674132139,0.09459054946122722,1.0,0.029139940523039077,0.02610966057441253,0.0932,1.0,0.3655316191799861,1.0,0.0,0.13768115942028986,0.11228070175438595,0.7415611814345991,0.5990338164251208
548,0.12465373961218836,0.11944444444444445,0.3146696528555431,0.9141835591297764,1.0,0.046860493064948654,0.36553524804177545,0.1004,1.0,0.3683113273106324,1.0,0.0,0.14492753623188406,0.11929824561403508,0.7383966244725738,0.6183574879227054
549,0.12603878116343492,0.12833333333333333,0.3213885778275476,0.5670111629427333,1.0,0.17984004373583182,0.35378590078328986,0.1072,1.0,0.33981931897150797,1.0,0.0,0.14855072463768118,0.12280701754385966,0.7289029535864978,0.6038647342995169
550,0.12742382271468145,0.13777777777777778,0.2726763717805151,0.5036660395304696,1.0,0.24724412417582936,0.34334203655352485,0.11520000000000001,1.0,0.4030576789437109,1.0,0.0,0.1557971014492754,0.12982456140350876,0.719409282700422,0.5893719806763285
551,0.1329639889196676,0.14777777777777779,0.23852183650615902,0.3928993333546952,0.9595959595959597,0.6194699858141322,0.3328981723237598,0.1232,1.0,0.3189715079916609,0.9797979797979799,0.0,0.15942028985507248,0.13684210526315788,0.7088607594936709,0.5748792270531401
552,0.13157894736842107,0.15833333333333333,0.21668533034714446,0.3131792888278452,0.9292929292929294,0.5138159041959064,0.3224543080939948,0.1328,0.9494949494949496,0.3002084781097985,0.9393939393939394,0.0,0.16666666666666669,0.14035087719298242,0.6951476793248945,0.5507246376811594
553,0.13434903047091415,0.17055555555555554,0.18309070548712206,0.29792593381614635,0.9191919191919192,0.4694155516700207,0.31201044386422977,0.14400000000000002,0.9494949494949496,0.3141070187630299,0.9393939393939394,0.0,0.17028985507246377,0.14736842105263157,0.6814345991561181,0.5314009661835749
554,0.13573407202216067,0.18444444444444444,0.16293393057110864,0.17194334266153768,0.8484848484848485,0.5854333287775175,0.30156657963446476,0.1568,0.8787878787878789,0.3238359972202919,0.8787878787878789,0.0,0.17753623188405798,0.15087719298245614,0.6687763713080169,0.5120772946859903
555,0.013850415512465374,0.2,0.16965285554311313,0.015893072870975626,0.797979797979798,0.3324912928933986,0.2924281984334204,0.1708,0.8787878787878789,0.3280055594162613,0.8787878787878789,0.0,0.18115942028985507,0.15789473684210523,0.6561181434599156,0.49275362318840576
556,0.01662049861495845,0.21722222222222223,0.16517357222844345,0.12313973949472948,0.7575757575757577,0.33875946706380816,0.2819843342036554,0.18680000000000002,0.8787878787878789,0.33495482974287705,0.8686868686868687,0.0,0.18840579710144928,0.1614035087719298,0.6434599156118144,0.4782608695652174
557,0.02077562326869806,0.23444444444444446,0.16237402015677493,0.10653483906941164,0.07070707070707072,0.2749560520871135,0.27284595300261094,0.2044,0.8686868686868687,0.33287004864489234,0.8686868686868687,0.0,0.1956521739130435,0.16842105263157894,0.6329113924050632,0.4685990338164251
558,0.013850415512465374,0.2538888888888889,0.15845464725643899,0.1425416711673061,0.6565656565656566,0.4192701583067447,0.26370757180156656,0.2232,0.8686868686868687,0.31688672689367614,0.8686868686868687,0.0,0.2028985507246377,0.1719298245614035,0.6244725738396624,0.46376811594202894
559,0.15789473684210528,0.2722222222222222,0.17077267637178054,0.17489434669393203,0.06060606060606061,0.3350551175164834,0.0195822454308094,0.2432,0.8686868686868687,0.31966643502432246,0.8585858585858587,0.0,0.21014492753623193,0.17543859649122803,0.6149789029535865,0.45893719806763283
560,0.19667590027700832,0.005555555555555556,0.2446808510638298,0.0,0.9191919191919192,4.712912910082335e-06,0.7428198433420367,0.0048000000000000004,0.9191919191919192,0.5003474635163309,0.9191919191919192,0.0,0.07246376811594203,0.06315789473684211,0.7637130801687764,0.6570048309178743
561,0.19806094182825487,0.006111111111111111,0.2446808510638298,0.14378605053604293,0.09090909090909091,0.0,0.7336814621409923,0.0048000000000000004,0.09090909090909091,0.5003474635163309,0.09090909090909091,0.0,0.07246376811594203,0.06315789473684211,0.7594936708860759,0.6570048309178743
562,0.1994459833795014,0.006111111111111111,0.24636058230683094,0.15187617351734506,0.9191919191919192,4.712912910082335e-06,0.7232375979112272,0.005200000000000001,0.9191919191919192,0.47533009034051427,0.9191919191919192,0.0,0.07246376811594203,0.06315789473684211,0.751054852320675,0.6425120772946861
563,0.19667590027700832,0.006111111111111111,0.24804031354983208,0.14903559400695587,0.9292929292929294,4.712912910082335e-06,0.714099216710183,0.005200000000000001,0.9191919191919192,0.4815844336344684,0.9191919191919192,0.0,0.07246376811594203,0.06315789473684211,0.7457805907172995,0.6376811594202898
564,0.19806094182825487,0.006666666666666666,0.2441209406494961,0.18461200763039284,0.8585858585858587,2.8277477460494007e-05,0.7049608355091385,0.0056,0.8585858585858587,0.46143154968728284,0.8585858585858587,0.0,0.07608695652173914,0.06666666666666667,0.7383966244725738,0.6280193236714976
565,0.019390581717451522,0.006666666666666666,0.23908174692049275,0.11343081757935845,0.888888888888889,0.0,0.6945169712793735,0.006,0.888888888888889,0.4697706740792217,0.888888888888889,0.0,0.07608695652173914,0.06666666666666667,0.7331223628691983,0.6183574879227054
566,0.019390581717451522,0.007222222222222222,0.24244120940649497,0.9432028732597592,0.9292929292929294,0.0,0.6853785900783291,0.006,0.9292929292929294,0.49339819318971506,0.9292929292929294,0.0,0.07608695652173914,0.06666666666666667,0.7289029535864978,0.5990338164251208
567,0.20083102493074795,0.0077777777777777776,0.24860022396416576,0.009796870848269147,0.9292929292929294,0.0,0.6762402088772846,0.0064,0.9292929292929294,0.46004169562195973,0.9292929292929294,0.0,0.07971014492753623,0.06666666666666667,0.7204641350210971,0.5893719806763285
568,0.19806094182825487,0.0077777777777777776,0.26035834266517355,0.7818849375927794,0.9393939393939394,0.0,0.6657963446475197,0.0068000000000000005,0.9393939393939394,0.4343293954134816,0.9393939393939394,0.0,0.07971014492753623,0.07017543859649122,0.7120253164556962,0.5748792270531401
569,0.20221606648199447,0.008333333333333333,0.2530795072788354,0.6254031145551636,0.9393939393939394,0.0,0.6566579634464753,0.0068000000000000005,0.9494949494949496,0.42460041695621964,0.9393939393939394,0.0,0.07971014492753623,0.07017543859649122,0.7056962025316456,0.5555555555555556
570,0.19806094182825487,0.008333333333333333,0.2446808510638298,0.5328601407933224,0.9393939393939394,0.0,0.05874673629242821,0.007200000000000001,0.9393939393939394,0.4044475330090341,0.9393939393939394,0.0,0.08333333333333333,0.07017543859649122,0.6940928270042195,0.536231884057971
571,0.20360110803324102,0.008888888888888889,0.23796192609182532,0.4224928374100792,0.8989898989898991,0.0,0.6370757180156659,0.0076,0.8989898989898991,0.3731758165392634,0.8989898989898991,0.0,0.08333333333333333,0.0736842105263158,0.6940928270042195,0.5458937198067633
572,0.019390581717451522,0.008888888888888889,0.2374020156774916,0.41849448735240596,0.9292929292929294,0.0,0.6266318537859009,0.0076,0.9292929292929294,0.41139680333564976,0.9292929292929294,0.0,0.08695652173913043,0.0736842105263158,0.6951476793248945,0.5603864734299516
573,0.22437673130193908,0.009444444444444445,0.24860022396416576,0.3945284121525449,0.787878787878788,0.0006550948945014445,0.6161879895561359,0.008,0.8383838383838385,0.3940236275191105,0.8181818181818182,0.0,0.08695652173913043,0.07719298245614034,0.6919831223628692,0.5555555555555556
574,0.22714681440443216,0.009444444444444445,0.24748040313549832,0.4050890617848209,0.08080808080808081,1.4138738730247004e-05,0.6070496083550915,0.008400000000000001,0.8383838383838385,0.4141765114662961,0.08080808080808081,0.0,0.08695652173913043,0.07719298245614034,0.6888185654008439,0.5507246376811594
575,0.22991689750692523,0.01,0.26035834266517355,0.47792284734085994,0.787878787878788,4.712912910082335e-06,0.5966057441253265,0.008400000000000001,0.8282828282828284,0.4107018763029882,0.797979797979798,0.0,0.09057971014492754,0.07719298245614034,0.6856540084388186,0.5458937198067633
576,0.31301939058171746,0.0005555555555555556,0.0,0.0,0.9191919191919192,0.0,0.3028720626631854,0.0008,0.9292929292929294,0.46907574704656013,0.9191919191919192,0.013861386138613862,0.23913043478260873,0.2245614035087719,0.5253164556962026,0.536231884057971
577,0.030470914127423823,0.0005555555555555556,0.0,0.7398794376225555,0.888888888888889,0.0,0.2963446475195822,0.0008,0.8787878787878789,0.46907574704656013,0.8787878787878789,0.013861386138613862,0.24275362318840582,0.22807017543859645,0.5242616033755274,0.536231884057971
578,0.3213296398891967,0.0005555555555555556,0.0,0.6167621362551137,0.888888888888889,0.0,0.2898172323759791,0.0008,0.8585858585858587,0.45239749826268244,0.8787878787878789,0.013861386138613862,0.24275362318840582,0.22807017543859645,0.5168776371308017,0.5265700483091788
579,0.3268698060941828,0.0011111111111111111,0.0,0.785196584656537,0.8989898989898991,4.712912910082335e-06,0.2819843342036554,0.0008,0.8585858585858587,0.4940931202223767,0.8686868686868687,0.013861386138613862,0.2463768115942029,0.23157894736842102,0.510548523206751,0.5217391304347826
580,0.33240997229916897,0.0011111111111111111,0.006159014557670773,0.059758262491948724,0.8383838383838385,1.4138738730247004e-05,0.27545691906005226,0.0008,0.8585858585858587,0.42390548992355803,0.8383838383838385,0.0019801980198019802,0.25,0.2350877192982456,0.5052742616033755,0.5120772946859903
581,0.3393351800554017,0.0011111111111111111,0.007838745800671893,0.47382408949073956,0.7474747474747475,0.0,0.2689295039164491,0.0008,0.8282828282828284,0.4044475330090341,0.7474747474747475,0.0,0.25362318840579706,0.23859649122807017,0.5021097046413502,0.5072463768115942
582,0.3462603878116344,0.0011111111111111111,0.008958566629339308,0.5708372402167031,0.8383838383838385,4.712912910082335e-06,0.262402088772846,0.0008,0.8484848484848485,0.26546212647671996,0.8383838383838385,0.0,0.2572463768115942,0.2421052631578947,0.49050632911392406,0.497584541062802
583,0.3518005540166205,0.0011111111111111111,0.006159014557670773,0.9352221969868789,0.8181818181818182,0.0,0.020887728459530026,0.0008,0.8181818181818182,0.3564975677553857,0.8181818181818182,0.0,0.2572463768115942,0.24561403508771926,0.48628691983122363,0.49275362318840576
584,0.3573407202216067,0.0011111111111111111,0.0083986562150056,0.9102659357869325,0.7575757575757577,0.0,0.014360313315926894,0.0008,0.7575757575757577,0.3425990271021543,0.7575757575757577,0.0,0.2608695652173913,0.24912280701754386,0.48417721518987344,0.4830917874396135
585,0.36149584487534625,0.0011111111111111111,0.01343784994400896,0.0771557177874298,0.696969696969697,0.00040059759735699843,0.2428198433420366,0.0008,0.696969696969697,0.31758165392633775,0.696969696969697,0.0,0.2644927536231884,0.2526315789473684,0.4757383966244726,0.4782608695652174
586,0.3670360110803324,0.0011111111111111111,0.012877939529675253,0.07008319444406394,0.686868686868687,0.004298176573995089,0.23759791122715407,0.0008,0.6767676767676768,0.3002084781097985,0.686868686868687,0.0,0.2681159420289855,0.25614035087719295,0.4578059071729958,0.4685990338164251
587,0.37119113573407203,0.0011111111111111111,0.014557670772676374,0.7224031827924685,0.7777777777777778,0.0,0.23237597911227156,0.0008,0.7373737373737375,0.27519110493398197,0.7676767676767677,0.0,0.2681159420289855,0.2596491228070175,0.0,0.45893719806763283
588,0.37396121883656513,0.0011111111111111111,0.013997760358342666,0.4516463881566688,0.2828282828282829,0.0,0.22715404699738903,0.0008,0.08080808080808081,0.25364836692147325,0.08080808080808081,0.0,0.2717391304347826,0.2631578947368421,0.0,0.4444444444444444
589,0.37396121883656513,0.0011111111111111111,0.003919372900335946,0.29467602242829866,0.0,0.0,0.22193211488250653,0.0008,0.98989898989899,0.23558026407227242,0.8989898989898991,0.0,0.2753623188405797,0.26666666666666666,0.0,0.42512077294685996
590,0.37534626038781166,0.0005555555555555556,0.003919372900335946,0.19750001786172533,0.0,0.0,0.21671018276762405,0.0008,0.07070707070707072,0.19874913134120917,0.07070707070707072,0.0,0.2789855072463768,0.2701754385964912,0.0,0.4106280193236715
591,0.37534626038781166,0.0005555555555555556,0.004479283314669653,0.3508738727455227,0.0,0.0,0.21279373368146215,0.0008,0.07070707070707072,0.24739402362751914,0.07070707070707072,0.0,0.28260869565217395,0.27368421052631575,0.0,0.3961352657004831
592,0.368421052631579,0.0038888888888888888,0.0,0.0,0.08080808080808081,0.006404848644801893,0.34464751958224543,0.004,0.08080808080808081,0.3578874218207089,0.08080808080808081,0.05346534653465346,0.2681159420289855,0.24561403508771926,0.6223628691983122,0.536231884057971
593,0.3795013850415513,0.0038888888888888888,0.0,0.0,0.09090909090909091,0.0003346168166158458,0.3368146214099217,0.004,0.09090909090909091,0.3578874218207089,0.09090909090909091,0.05742574257425742,0.2717391304347826,0.2526315789473684,0.6128691983122363,0.536231884057971
594,0.3781163434903047,0.0038888888888888888,0.0,0.0,0.8585858585858587,0.0005844012008502095,0.32898172323759794,0.004,0.8585858585858587,0.41000694927032666,0.8585858585858587,0.05742574257425742,0.2753623188405797,0.25614035087719295,0.6075949367088607,0.536231884057971
595,0.3767313019390582,0.0038888888888888888,0.0,0.0,0.6262626262626263,0.0012253573566214072,0.3211488250652742,0.004,0.6161616161616162,0.27658095899930507,0.8585858585858587,0.06336633663366337,0.28260869565217395,0.2596491228070175,0.5875527426160339,0.49275362318840576
596,0.39335180055401664,0.0038888888888888888,0.21332586786114222,0.0,0.07070707070707072,0.0014845675666759356,0.3133159268929504,0.004,0.696969696969697,0.1938846421125782,0.8282828282828284,0.06732673267326733,0.286231884057971,0.2631578947368421,0.5886075949367089,0.5169082125603864
597,0.4113573407202216,0.0038888888888888888,0.19708846584546472,0.0,0.7474747474747475,1.885165164032934e-05,0.3067885117493473,0.004,0.7272727272727273,0.15913829047949968,0.7474747474747475,0.07326732673267326,0.28985507246376807,0.26666666666666666,0.5780590717299579,0.5072463768115942
598,0.43351800554016623,0.0038888888888888888,0.19372900335946253,0.0,0.7575757575757577,4.712912910082335e-06,0.2989556135770235,0.0044,0.7676767676767677,0.15774843641417652,0.787878787878788,0.07722772277227723,0.29710144927536236,0.27368421052631575,0.5748945147679325,0.497584541062802
599,0.46675900277008314,0.0044444444444444444,0.14389697648376262,0.0,0.7373737373737375,9.42582582016467e-06,0.29112271540469975,0.0044,0.7777777777777778,0.20152883947185546,0.797979797979798,0.08316831683168316,0.3007246376811594,0.2771929824561403,0.5559071729957806,0.4830917874396135
600,0.4889196675900277,0.0044444444444444444,0.15341545352743563,0.0,0.6464646464646465,0.00039588468444691613,0.28459530026109664,0.0044,0.7171717171717172,0.17651146629603892,0.7272727272727273,0.09702970297029703,0.30434782608695654,0.2842105263157894,0.5453586497890296,0.4734299516908213
601,0.5083102493074793,0.0044444444444444444,0.12541993281075028,0.0,0.0,0.0005938270266703741,0.2780678851174935,0.0048000000000000004,0.7373737373737375,0.16469770674079223,0.7373737373737375,0.10693069306930693,0.3115942028985507,0.28771929824561404,0.5348101265822784,0.46376811594202894
602,0.5443213296398892,0.0044444444444444444,0.11310190369540873,0.0,0.0,0.0006880852848720209,0.27023498694516973,0.005200000000000001,0.6262626262626263,0.16817234190410008,0.6262626262626263,0.11485148514851486,0.31521739130434784,0.29473684210526313,0.5232067510548524,0.45410628019323673
603,0.06509695290858726,0.005,0.14389697648376262,0.0,0.0,0.016608305095130147,0.26370757180156656,0.005200000000000001,0.6767676767676768,0.17790132036136208,0.6767676767676768,0.12277227722772277,0.322463768115942,0.2982456140350877,0.5242616033755274,0.4444444444444444
604,0.5761772853185596,0.005,0.13661814109742443,0.0,0.0,0.017494332722225628,0.022193211488250653,0.0056,0.05050505050505051,0.18137595552466992,0.05050505050505051,0.13267326732673268,0.32608695652173914,0.30526315789473685,0.5189873417721519,0.45410628019323673
605,0.5858725761772854,0.005,0.1422172452407615,0.0,0.0,0.01313960119330955,0.016971279373368148,0.0056,0.4141414141414142,0.17025712300208481,0.4141414141414142,0.1405940594059406,0.33333333333333337,0.30877192982456136,0.5147679324894515,0.45893719806763283
606,0.5789473684210527,0.005,0.12821948488241883,0.0,0.0,0.010142188582497184,0.2454308093994778,0.0056,0.32323232323232326,0.1695621959694232,0.31313131313131315,0.1485148514851485,0.33695652173913043,0.31228070175438594,0.5137130801687764,0.4685990338164251
607,0.5747922437673131,0.005,0.125979843225084,0.0,0.0,0.007908267863118159,0.2389033942558747,0.0056,0.31313131313131315,0.1480194579569145,0.33333333333333337,0.15247524752475247,0.34057971014492755,0.319298245614035,0.5137130801687764,0.4734299516908213
608,0.13019390581717452,0.0005555555555555556,0.1926091825307951,0.0,0.9292929292929294,0.0,0.07180156657963448,0.0004,0.9292929292929294,0.6469770674079223,0.9292929292929294,0.0,0.057971014492753624,0.056140350877192984,0.8175105485232068,0.6859903381642511
609,0.13157894736842107,0.0005555555555555556,0.1926091825307951,0.3851484839409718,0.9191919191919192,4.712912910082335e-06,0.7637075718015667,0.0004,0.9191919191919192,0.6469770674079223,0.9191919191919192,0.0,0.057971014492753624,0.056140350877192984,0.810126582278481,0.6714975845410628
610,0.13157894736842107,0.0005555555555555556,0.19092945128779396,0.3867761684379531,0.9494949494949496,0.0,0.7506527415143605,0.0004,0.9595959595959597,0.6580958999305074,0.9595959595959597,0.0,0.057971014492753624,0.056140350877192984,0.8037974683544303,0.6618357487922705
611,0.1329639889196676,0.0005555555555555556,0.1864501679731243,0.25724821564494105,0.9191919191919192,0.0,0.7375979112271541,0.0004,0.09090909090909091,0.6643502432244615,0.9191919191919192,0.0,0.06159420289855072,0.056140350877192984,0.79957805907173,0.6570048309178743
612,0.13434903047091415,0.0005555555555555556,0.19036954087346028,0.24338711071750918,0.8484848484848485,0.0,0.7245430809399479,0.0004,0.8282828282828284,0.6761640027797082,0.8585858585858587,0.0,0.06159420289855072,0.056140350877192984,0.7932489451476793,0.6473429951690821
613,0.02077562326869806,0.0005555555555555556,0.1998880179171333,0.23809393133883508,0.8989898989898991,0.0,0.7114882506527416,0.0004,0.9393939393939394,0.6712995135510772,0.888888888888889,0.0,0.06159420289855072,0.05964912280701755,0.790084388185654,0.6425120772946861
614,0.13157894736842107,0.0005555555555555556,0.2273236282194849,0.2492834031503901,0.8787878787878789,0.0,0.6971279373368147,0.0004,0.08080808080808081,0.6733842946490618,0.8686868686868687,0.0,0.06521739130434782,0.05964912280701755,0.7879746835443038,0.6328502415458936
615,0.13573407202216067,0.0005555555555555556,0.23572228443449048,0.18621685624371076,0.8989898989898991,0.0,0.6840731070496084,0.0004,0.8989898989898991,0.6323835997220292,0.09090909090909091,0.0,0.06521739130434782,0.05964912280701755,0.7805907172995781,0.6231884057971014
616,0.12742382271468145,0.0005555555555555556,0.2346024636058231,0.15113855600453976,0.8989898989898991,0.0,0.6710182767624022,0.0004,0.8989898989898991,0.5816539263377345,0.8989898989898991,0.0,0.06521739130434782,0.06315789473684211,0.7742616033755274,0.6183574879227054
617,0.02077562326869806,0.0005555555555555556,0.23180291153415458,0.11873717410289243,0.888888888888889,0.0,0.6579634464751959,0.0004,0.8989898989898991,0.5434329395413482,0.8989898989898991,0.0,0.06884057971014493,0.06315789473684211,0.7668776371308017,0.608695652173913
618,0.1329639889196676,0.0005555555555555556,0.229003359462486,0.1004490878926399,0.09090909090909091,4.712912910082335e-06,0.05613577023498694,0.0004,0.9191919191919192,0.5378735232800557,0.9191919191919192,0.0,0.06884057971014493,0.06666666666666667,0.7626582278481012,0.5990338164251208
619,0.015235457063711912,0.0005555555555555556,0.2284434490481523,0.010448321268560604,0.8989898989898991,0.0,0.6305483028720628,0.0004,0.09090909090909091,0.5420430854760251,0.09090909090909091,0.0,0.07246376811594203,0.06666666666666667,0.7584388185654009,0.5893719806763285
620,0.0,0.0005555555555555556,0.2256438969764838,0.1072038070971731,0.8686868686868687,4.712912910082335e-06,0.6174934725848564,0.0004,0.888888888888889,0.5872133425990271,0.888888888888889,0.0,0.07608695652173914,0.07017543859649122,0.7542194092827004,0.5845410628019323
621,0.13573407202216067,0.0005555555555555556,0.23292273236282196,0.11313607109014621,0.9494949494949496,0.0,0.6044386422976502,0.0004,0.9494949494949496,0.5719249478804727,0.9494949494949496,0.0,0.07608695652173914,0.0736842105263158,0.751054852320675,0.5748792270531401
622,0.0,0.0005555555555555556,0.23964165733482645,0.8698067100709062,0.08080808080808081,0.0,0.5926892950391646,0.0004,0.9292929292929294,0.5038220986796387,0.9191919191919192,0.0,0.07971014492753623,0.0736842105263158,0.7468354430379747,0.5652173913043478
623,0.13434903047091415,0.0005555555555555556,0.24244120940649497,0.9433386385990569,0.8989898989898991,0.0,0.5796344647519583,0.0004,0.08080808080808081,0.4947880472550383,0.888888888888889,0.0,0.08333333333333333,0.07719298245614034,0.740506329113924,0.5603864734299516
624,0.13019390581717452,0.0,0.6791713325867862,0.0,0.9494949494949496,0.0009708600594769609,0.818537859007833,0.0,0.9494949494949496,0.5420430854760251,0.9494949494949496,0.0,0.050724637681159424,0.045614035087719294,0.8681434599156118,0.7391304347826088
625,0.1329639889196676,0.0,0.6791713325867862,0.18872130807785567,0.9595959595959597,0.0,0.8107049608355092,0.0,0.9595959595959597,0.5420430854760251,0.9595959595959597,0.0,0.050724637681159424,0.04912280701754386,0.8649789029535865,0.7294685990338164
626,0.1329639889196676,0.0,0.6931690929451289,0.19022464627918914,0.9696969696969697,0.0,0.8028720626631854,0.0,0.9696969696969697,0.5441278665740098,0.9696969696969697,0.0,0.050724637681159424,0.04912280701754386,0.8618143459915611,0.7198067632850241
627,0.018005540166204984,0.0,0.6427771556550953,0.18547740009680047,0.98989898989899,9.42582582016467e-06,0.7950391644908618,0.0,0.9696969696969697,0.5420430854760251,0.9696969696969697,0.0,0.050724637681159424,0.04912280701754386,0.859704641350211,0.7053140096618358
628,0.018005540166204984,0.0,0.6819708846584547,0.19165192727128863,0.9797979797979799,5.6554954920988015e-05,0.787206266318538,0.0,0.9696969696969697,0.5420430854760251,0.9696969696969697,0.0,0.05434782608695653,0.04912280701754386,0.8523206751054853,0.7004830917874396
629,0.02077562326869806,0.0,0.6769316909294514,0.20722878612744647,0.9797979797979799,3.2990390370576346e-05,0.0731070496083551,0.0,0.9797979797979799,0.5733148019457958,0.9797979797979799,0.0,0.05434782608695653,0.052631578947368425,0.8470464135021097,0.6859903381642511
630,0.02493074792243767,0.0,0.6830907054871221,0.2163951140568806,0.9797979797979799,9.42582582016467e-06,0.06527415143603134,0.0,0.9696969696969697,0.5684503127171647,0.9696969696969697,0.0,0.057971014492753624,0.052631578947368425,0.8470464135021097,0.6859903381642511
631,0.1592797783933518,0.0,0.6746920492721166,0.24294128962572806,0.9797979797979799,0.00024035855841419908,0.762402088772846,0.0,0.9696969696969697,0.5350938151494093,0.9696969696969697,0.0,0.057971014492753624,0.056140350877192984,0.8438818565400844,0.6908212560386474
632,0.15650969529085873,0.0,0.7026875699888019,0.202315137348308,0.9595959595959597,0.0,0.7532637075718017,0.0,0.9696969696969697,0.5170257123002086,0.9696969696969697,0.0,0.06159420289855072,0.056140350877192984,0.8364978902953587,0.6908212560386474
633,0.1551246537396122,0.0,0.6618141097424413,0.15582233585509864,0.0,4.712912910082335e-06,0.7454308093994779,0.0,0.9696969696969697,0.48297428769979156,0.9696969696969697,0.0,0.06159420289855072,0.05964912280701755,0.8259493670886077,0.6714975845410628
634,0.1592797783933518,0.0,0.6483762597984323,0.16750841145979975,0.0,9.42582582016467e-06,0.7375979112271541,0.0,0.9696969696969697,0.4788047255038221,0.9696969696969697,0.0,0.06159420289855072,0.05964912280701755,0.819620253164557,0.6570048309178743
635,0.15650969529085873,0.0,0.7334826427771557,0.11182418191706105,0.0,0.0002544972971444461,0.7297650130548303,0.0,0.9696969696969697,0.45587213342599026,0.9696969696969697,0.0,0.06521739130434782,0.06315789473684211,0.8132911392405063,0.6425120772946861
636,0.16759002770083103,0.0,0.770996640537514,0.9383190598147428,0.0,8.954534529156437e-05,0.7219321148825066,0.0,0.9595959595959597,0.4412786657400973,0.9494949494949496,0.0,0.06521739130434782,0.06315789473684211,0.8069620253164557,0.6231884057971014
637,0.1703601108033241,0.0,0.7491601343784996,0.11655385049296962,0.0,2.8277477460494007e-05,0.7154046997389034,0.0,0.9595959595959597,0.4301598332175122,0.9595959595959597,0.0,0.06884057971014493,0.06666666666666667,0.8006329113924051,0.608695652173913
638,0.1731301939058172,0.0,0.7357222844344906,0.6520327793976013,0.0,3.770330328065868e-05,0.7075718015665797,0.0,0.9494949494949496,0.49756775538568454,0.9494949494949496,0.0,0.06884057971014493,0.06666666666666667,0.790084388185654,0.5942028985507246
639,0.17451523545706374,0.0,0.7122060470324749,0.650464380232985,0.0,4.241621619074101e-05,0.7010443864229766,0.0,0.9494949494949496,0.532314107018763,0.9393939393939394,0.0,0.07246376811594203,0.07017543859649122,0.7795358649789029,0.5893719806763285
640,0.12603878116343492,0.0005555555555555556,0.2441209406494961,0.0,1.0,0.0,0.7885117493472585,0.0004,1.0,0.8061153578874218,1.0,0.0,0.12318840579710146,0.11228070175438595,0.8154008438818565,0.6714975845410628
641,0.12742382271468145,0.0005555555555555556,0.2441209406494961,0.013691695869434431,0.9797979797979799,0.0,0.07441253263707573,0.0004,1.0,0.8061153578874218,1.0,0.0,0.11956521739130435,0.11228070175438595,0.8143459915611815,0.6763285024154589
642,0.13157894736842107,0.0005555555555555556,0.23348264277715566,0.9583385632011355,0.9696969696969697,0.0,0.7689295039164492,0.0004,1.0,0.6587908269631689,1.0,0.0,0.11956521739130435,0.11228070175438595,0.8154008438818565,0.7101449275362318
643,0.13157894736842107,0.0005555555555555556,0.23236282194848826,0.7434229921789209,0.9696969696969697,0.0,0.7597911227154048,0.0004,0.98989898989899,0.5969423210562891,1.0,0.0,0.11956521739130435,0.10877192982456141,0.820675105485232,0.7584541062801932
644,0.12603878116343492,0.0005555555555555556,0.23124300111982082,0.10223328326309768,0.9696969696969697,0.0,0.7493472584856398,0.0004,1.0,0.1111883252258513,0.9797979797979799,0.0,0.11956521739130435,0.10877192982456141,0.8227848101265823,0.7971014492753623
645,0.13434903047091415,0.0005555555555555556,0.23068309070548712,0.7885821306679759,0.9696969696969697,0.0,0.7402088772845954,0.0004,1.0,0.08269631688672689,0.9696969696969697,0.0,0.11956521739130435,0.10877192982456141,0.8270042194092827,0.8502415458937199
646,0.013850415512465374,0.0005555555555555556,0.22396416573348266,0.8202306421866061,0.9696969696969697,0.0,0.7297650130548303,0.0004,1.0,0.8186240444753301,0.9696969696969697,0.0,0.11956521739130435,0.10877192982456141,0.8248945147679325,0.8550724637681159
647,0.015235457063711912,0.0005555555555555556,0.23796192609182532,0.7097870837676767,0.9595959595959597,0.0,0.7206266318537861,0.0004,1.0,0.12439193884642114,0.9595959595959597,0.0,0.11956521739130435,0.10877192982456141,0.8132911392405063,0.8260869565217391
648,0.018005540166204984,0.0005555555555555556,0.23068309070548712,0.7519556376085991,0.9393939393939394,0.0,0.710182767624021,0.0004,1.0,0.09867963863794302,0.9393939393939394,0.0,0.11956521739130435,0.10877192982456141,0.7953586497890295,0.7729468599033816
649,0.018005540166204984,0.0005555555555555556,0.23292273236282196,0.5243376878832903,0.8989898989898991,0.0,0.699738903394256,0.0004,1.0,0.5330090340514246,0.8989898989898991,0.0,0.11956521739130435,0.10877192982456141,0.7721518987341772,0.7101449275362318
650,0.02493074792243767,0.0005555555555555556,0.2502799552071669,0.5197936830888441,0.9595959595959597,0.0,0.689295039164491,0.0004,1.0,0.6525364836692148,0.8989898989898991,0.0,0.11956521739130435,0.11228070175438595,0.7584388185654009,0.6859903381642511
651,0.0221606648199446,0.0005555555555555556,0.2446808510638298,0.44916667053880643,1.0,0.0,0.6788511749347259,0.0004,0.98989898989899,0.4266851980542043,0.888888888888889,0.0,0.11956521739130435,0.11228070175438595,0.7436708860759493,0.6376811594202898
652,0.023545706371191136,0.0005555555555555556,0.24524076147816348,0.6044119099722178,1.0,0.0,0.6671018276762404,0.0004,0.98989898989899,0.438498957609451,0.7272727272727273,0.0,0.12318840579710146,0.11228070175438595,0.7320675105485231,0.6231884057971014
653,0.02493074792243767,0.0005555555555555556,0.229003359462486,0.3353205550368511,0.98989898989899,0.0,0.6566579634464753,0.0004,0.98989898989899,0.4517025712300209,1.0,0.0,0.12318840579710146,0.11228070175438595,0.729957805907173,0.6038647342995169
654,0.15789473684210528,0.0005555555555555556,0.2256438969764838,0.3231195251571286,0.98989898989899,0.0,0.057441253263707574,0.0004,1.0,0.43571924947880475,0.98989898989899,0.0,0.12681159420289856,0.11578947368421053,0.7236286919831224,0.5942028985507246
655,0.15789473684210528,0.0005555555555555556,0.2189249720044793,0.49421632896439704,0.98989898989899,0.0,0.6318537859007833,0.0004,0.98989898989899,0.4656011118832523,0.9595959595959597,0.0,0.12681159420289856,0.11578947368421053,0.7162447257383967,0.5845410628019323
656,0.07063711911357341,0.0,0.0,0.0,0.9797979797979799,0.0,0.06919060052219322,0.0,0.9797979797979799,0.5121612230715775,0.9797979797979799,0.0,0.03260869565217391,0.031578947368421054,0.9008438818565401,0.6908212560386474
657,0.07202216066481995,0.0,0.0,0.20764685141673833,0.9696969696969697,4.712912910082335e-05,0.7676240208877285,0.0,1.0,0.5121612230715775,1.0,0.0,0.02898550724637681,0.031578947368421054,0.8966244725738396,0.6763285024154589
658,0.07340720221606647,0.0,0.5055991041433371,0.21243648755081757,0.9696969696969697,0.0,0.7597911227154048,0.0,1.0,0.5184155663655317,1.0,0.0,0.02898550724637681,0.031578947368421054,0.8966244725738396,0.6666666666666667
659,0.07617728531855955,0.0,0.5901455767077268,0.21633261151549307,0.9696969696969697,4.712912910082335e-06,0.7532637075718017,0.0,1.0,0.5170257123002086,1.0,0.0,0.02898550724637681,0.031578947368421054,0.8966244725738396,0.6666666666666667
660,0.07756232686980609,0.0,0.5979843225083987,0.24473636555122444,0.9696969696969697,0.0,0.7480417754569191,0.0,1.0,0.5239749826268242,1.0,0.0,0.02898550724637681,0.031578947368421054,0.8934599156118144,0.6666666666666667
661,0.08033240997229917,0.0,0.6332586786114223,0.2837983484439904,0.9696969696969697,8.483243238148202e-05,0.741514360313316,0.0,1.0,0.5024322446143156,1.0,0.0,0.02898550724637681,0.031578947368421054,0.8997890295358649,0.7053140096618358
662,0.006925207756232688,0.0,0.6041433370660695,0.23063300785946794,0.9696969696969697,0.0,0.7349869451697129,0.0,1.0,0.5142460041695622,1.0,0.0,0.02898550724637681,0.031578947368421054,0.8955696202531646,0.6811594202898551
663,0.08448753462603878,0.0,0.671892497200448,0.2400371018492899,0.9393939393939394,4.712912910082335e-06,0.7284595300261097,0.0,0.9797979797979799,0.4788047255038221,0.9797979797979799,0.0,0.02898550724637681,0.031578947368421054,0.890295358649789,0.6618357487922705
664,0.08587257617728532,0.0,0.6466965285554312,0.19617631689687928,0.9393939393939394,0.0,0.7219321148825066,0.0,0.9797979797979799,0.4517025712300209,0.9797979797979799,0.0,0.02898550724637681,0.031578947368421054,0.8818565400843882,0.6521739130434783
665,0.08725761772853186,0.0,0.6416573348264278,0.1703652893657214,0.9393939393939394,0.0,0.7154046997389034,0.0,0.9797979797979799,0.43641417651146636,0.9797979797979799,0.0,0.02898550724637681,0.031578947368421054,0.8744725738396624,0.6473429951690821
666,0.0886426592797784,0.0,0.6382978723404256,0.15651035532145072,0.888888888888889,4.712912910082335e-06,0.7088772845953003,0.0,0.98989898989899,0.4426685198054205,0.98989898989899,0.0,0.02898550724637681,0.031578947368421054,0.871308016877637,0.6521739130434783
667,0.0886426592797784,0.0,0.7290033594624861,0.1589346904473963,0.888888888888889,0.0,0.7023498694516972,0.0,0.98989898989899,0.4461431549687283,0.98989898989899,0.0,0.02898550724637681,0.031578947368421054,0.8681434599156118,0.6473429951690821
668,0.09002770083102493,0.0,0.5940649496080628,0.1589710731860133,0.888888888888889,0.0,0.6958224543080941,0.0,0.98989898989899,0.4746351633078527,0.98989898989899,0.0,0.02898550724637681,0.031578947368421054,0.859704641350211,0.6280193236714976
669,0.09279778393351801,0.0,0.6534154535274357,0.1129915466967003,0.888888888888889,0.0,0.689295039164491,0.0,0.98989898989899,0.4252953439888812,0.98989898989899,0.0,0.02898550724637681,0.031578947368421054,0.8491561181434599,0.6038647342995169
670,0.09418282548476455,0.0,0.5683090705487123,0.10097524815973448,0.8989898989898991,0.0,0.6827676240208878,0.0,0.9797979797979799,0.4016678248783878,0.9797979797979799,0.0,0.02898550724637681,0.031578947368421054,0.8438818565400844,0.5990338164251208
671,0.008310249307479223,0.0,0.5347144456886899,0.9523743960617466,0.8989898989898991,0.0,0.6762402088772846,0.0,0.9797979797979799,0.4009728978457262,0.9797979797979799,0.0,0.02898550724637681,0.031578947368421054,0.8417721518987342,0.6038647342995169
672,0.09695290858725762,0.0,0.5391937290033596,0.0,0.0,4.241621619074101e-05,0.7545691906005223,0.0,0.9393939393939394,0.12508686587908271,0.9393939393939394,0.0,0.036231884057971016,0.028070175438596492,0.9736286919831224,0.9275362318840579
673,0.0997229916897507,0.0,0.5391937290033596,0.10486066976342633,0.0,0.00012724864857222305,0.7493472584856398,0.0,0.9494949494949496,0.12508686587908271,0.9494949494949496,0.0,0.036231884057971016,0.028070175438596492,0.9767932489451477,0.9275362318840579
674,0.10249307479224376,0.0,0.5313549832026876,0.0010278724901466648,0.0,8.011951947139969e-05,0.7454308093994779,0.0,0.9494949494949496,0.7817929117442669,0.9494949494949496,0.0,0.036231884057971016,0.028070175438596492,0.9746835443037976,0.9033816425120772
675,0.1038781163434903,0.0,0.5179171332586786,0.9299516802059126,0.0,9.42582582016467e-06,0.7402088772845954,0.0,0.9494949494949496,0.13759555246699098,0.9494949494949496,0.0,0.036231884057971016,0.028070175438596492,0.9725738396624473,0.8888888888888888
676,0.10803324099722991,0.0,0.5856662933930572,0.10268053010764905,0.0,0.00039588468444691613,0.7362924281984335,0.0,0.9191919191919192,0.12995135510771372,0.9191919191919192,0.0,0.036231884057971016,0.028070175438596492,0.959915611814346,0.8164251207729468
677,0.1149584487534626,0.0,0.5750279955207167,0.9560642858998769,0.0,2.3564564550411675e-05,0.731070496083551,0.0,0.09090909090909091,0.8200138985406533,0.09090909090909091,0.0,0.036231884057971016,0.028070175438596492,0.9556962025316456,0.8115942028985508
678,0.11772853185595568,0.0,0.5638297872340426,0.9781758804448483,0.0,2.8277477460494007e-05,0.7258485639686685,0.0,0.8989898989898991,0.7970813064628215,0.8989898989898991,0.0,0.036231884057971016,0.028070175438596492,0.9556962025316456,0.8115942028985508
679,0.12049861495844875,0.0,0.5985442329227324,0.10778969492639803,0.0,6.598078074115269e-05,0.7219321148825066,0.0,0.888888888888889,0.08200138985406533,0.888888888888889,0.0,0.036231884057971016,0.028070175438596492,0.9556962025316456,0.8115942028985508
680,0.12742382271468145,0.0,0.61478163493841,0.9719106542993626,0.0,9.42582582016467e-06,0.7167101827676241,0.0,0.8787878787878789,0.694232105628909,0.8787878787878789,0.0,0.03985507246376811,0.028070175438596492,0.9535864978902954,0.8067632850241545
681,0.12742382271468145,0.0,0.616461366181411,0.852361040312154,0.0,0.00012724864857222305,0.710182767624021,0.0,0.9393939393939394,0.689367616400278,0.9393939393939394,0.0,0.03985507246376811,0.028070175438596492,0.9514767932489452,0.8164251207729468
682,0.12603878116343492,0.0,0.6310190369540873,0.7640019967514294,0.0,9.42582582016467e-06,0.7049608355091385,0.0,0.9393939393939394,0.6789437109103544,0.9393939393939394,0.0,0.03985507246376811,0.031578947368421054,0.9462025316455697,0.8019323671497585
683,0.13434903047091415,0.0,0.6304591265397537,0.6960325763469281,0.0,0.0,0.6971279373368147,0.0,0.9595959595959597,0.6719944405837387,0.9595959595959597,0.0,0.03985507246376811,0.031578947368421054,0.9419831223628692,0.7971014492753623
684,0.013850415512465374,0.0,0.6455767077267638,0.6520573762872681,0.0,0.0,0.6906005221932116,0.0,0.9696969696969697,0.6608756080611536,0.9696969696969697,0.0,0.03985507246376811,0.031578947368421054,0.930379746835443,0.7874396135265701
685,0.018005540166204984,0.0,0.6343784994400896,0.4809482709801249,0.0,0.00015081321312263471,0.6827676240208878,0.0,0.98989898989899,0.6483669214732454,0.98989898989899,0.0,0.03985507246376811,0.031578947368421054,0.9229957805907173,0.8019323671497585
686,0.015235457063711912,0.0,0.6466965285554312,0.5313600814026662,0.0,5.184204201090568e-05,0.6762402088772846,0.0,0.9797979797979799,0.6323835997220292,0.9797979797979799,0.0,0.043478260869565216,0.031578947368421054,0.9092827004219409,0.7826086956521738
687,0.015235457063711912,0.0,0.6539753639417694,0.5095906151361036,0.0,6.598078074115269e-05,0.668407310704961,0.0,0.9797979797979799,0.6045865184155663,0.9797979797979799,0.0,0.043478260869565216,0.031578947368421054,0.9071729957805907,0.7971014492753623
688,0.33240997229916897,0.0005555555555555556,0.020716685330347148,0.0,0.8484848484848485,0.00022150690677386973,0.4438642297650131,0.0004,0.8484848484848485,0.10910354412786659,0.8484848484848485,0.039603960396039604,0.19927536231884058,0.18596491228070175,0.4957805907172996,0.3043478260869565
689,0.3476454293628809,0.0005555555555555556,0.020716685330347148,0.2477387828254986,0.787878787878788,0.0,0.4360313315926893,0.0004,0.787878787878788,0.10910354412786659,0.787878787878788,0.039603960396039604,0.19927536231884058,0.18596491228070175,0.4926160337552743,0.3043478260869565
690,0.35318559556786705,0.0005555555555555556,0.02911534154535275,0.22982025776324164,0.8282828282828284,0.00013196156148230539,0.4281984334203655,0.0008,0.8282828282828284,0.6351633078526755,0.8282828282828284,0.039603960396039604,0.19927536231884058,0.18596491228070175,0.48945147679324896,0.3043478260869565
691,0.36288088642659283,0.0005555555555555556,0.02855543113101904,0.21757161421167118,0.8181818181818182,0.0033414552532483755,0.4203655352480418,0.0008,0.8181818181818182,0.6219596942321056,0.8181818181818182,0.03564356435643564,0.19927536231884058,0.1894736842105263,0.48523206751054854,0.3043478260869565
692,0.3698060941828255,0.0005555555555555556,0.021276595744680854,0.2039340046952715,0.8787878787878789,0.00023093273259403442,0.4138381201044387,0.0008,0.8787878787878789,0.605281445448228,0.8787878787878789,0.05148514851485149,0.19927536231884058,0.1894736842105263,0.4757383966244726,0.28502415458937197
693,0.3767313019390582,0.0005555555555555556,0.024076147816349387,0.18780592611903257,0.888888888888889,3.2990390370576346e-05,0.40731070496083555,0.0008,0.888888888888889,0.6143154968728284,0.888888888888889,0.05940594059405941,0.19927536231884058,0.19298245614035084,0.4651898734177215,0.26570048309178745
694,0.3850415512465374,0.0005555555555555556,0.02687569988801792,0.17756016962186516,0.8989898989898991,0.00022621981968395206,0.4007832898172324,0.0008,0.8989898989898991,0.5816539263377345,0.8989898989898991,0.061386138613861385,0.2028985507246377,0.19298245614035084,0.459915611814346,0.25603864734299514
695,0.3988919667590028,0.0005555555555555556,0.02687569988801792,0.17205256520003553,0.888888888888889,0.0006739465461417739,0.3955613577023499,0.0008,0.8989898989898991,0.590687977762335,0.8989898989898991,0.06336633663366337,0.2028985507246377,0.19298245614035084,0.45042194092827004,0.24154589371980675
696,0.40858725761772857,0.0005555555555555556,0.024636058230683093,0.20903281582841926,0.25252525252525254,0.00011310990984197603,0.037859007832898174,0.0008,0.888888888888889,0.5364836692147325,0.888888888888889,0.06732673267326733,0.20652173913043478,0.1964912280701754,0.43881856540084385,0.21739130434782608
697,0.05263157894736842,0.0011111111111111111,0.05655095184770437,0.12168200675129916,0.0,0.00023093273259403442,0.033942558746736295,0.0008,0.7272727272727273,0.521195274496178,0.7272727272727273,0.0712871287128713,0.20652173913043478,0.1964912280701754,0.4272151898734177,0.2077294685990338
698,0.4390581717451524,0.0011111111111111111,0.06830907054871221,0.12724256836282374,0.0,0.0014044480472045358,0.02872062663185379,0.0008,0.7171717171717172,0.5010423905489924,0.7171717171717172,0.07524752475247524,0.21014492753623193,0.19999999999999998,0.4177215189873418,0.1932367149758454
699,0.4501385041551247,0.0011111111111111111,0.06550951847704367,0.10621073433336432,0.0,0.0003346168166158458,0.3759791122715405,0.0008,0.6464646464646465,0.4697706740792217,0.6464646464646465,0.07722772277227723,0.21376811594202902,0.20350877192982456,0.4092827004219409,0.17874396135265702
700,0.4487534626038781,0.0011111111111111111,0.05655095184770437,0.9428862337427798,0.0,0.00017437777767304638,0.370757180156658,0.0008,0.686868686868687,0.4322446143154969,0.686868686868687,0.08118811881188119,0.21739130434782608,0.20350877192982456,0.3987341772151899,0.16908212560386474
701,0.44459833795013853,0.0011111111111111111,0.05711086226203808,0.13488879322562583,0.0,0.00023564564550411675,0.36553524804177545,0.0008,0.6262626262626263,0.378735232800556,0.6262626262626263,0.08316831683168316,0.22101449275362323,0.2070175438596491,0.3924050632911392,0.15942028985507245
702,0.44598337950138506,0.0011111111111111111,0.05263157894736842,0.09265078667418088,0.0,0.00037232011989650444,0.360313315926893,0.0008,0.494949494949495,0.3731758165392634,0.5353535353535354,0.08316831683168316,0.22463768115942032,0.21052631578947364,0.3829113924050633,0.1400966183574879
703,0.4487534626038781,0.0011111111111111111,0.07446808510638299,0.9210274651098898,0.0,0.0008624630625450673,0.35509138381201044,0.0008,0.4646464646464647,0.3995830437804031,0.4646464646464647,0.0792079207920792,0.22826086956521743,0.21052631578947364,0.3808016877637131,0.1400966183574879
704,0.20914127423822715,0.003333333333333333,0.3309070548712206,0.0,0.8181818181818182,0.0,0.7558746736292429,0.0028,0.8787878787878789,0.3043780403057679,0.8585858585858587,0.0039603960396039604,0.11594202898550725,0.10877192982456141,0.7573839662447257,0.6376811594202898
705,0.21191135734072022,0.003333333333333333,0.3309070548712206,0.1090043736833308,0.8989898989898991,0.0,0.7428198433420367,0.0028,0.09090909090909091,0.3043780403057679,0.9191919191919192,0.0039603960396039604,0.11594202898550725,0.10877192982456141,0.751054852320675,0.6376811594202898
706,0.21606648199445985,0.003333333333333333,0.3314669652855543,0.9768331190265352,0.08080808080808081,0.0,0.7284595300261097,0.0028,0.8282828282828284,0.2863099374565671,0.8383838383838385,0.0039603960396039604,0.11594202898550725,0.10877192982456141,0.7478902953586497,0.6376811594202898
707,0.23961218836565099,0.003333333333333333,0.3314669652855543,0.858547474535596,0.7474747474747475,0.0,0.7154046997389034,0.0028,0.8585858585858587,0.296038915913829,0.8585858585858587,0.005940594059405941,0.11594202898550725,0.10877192982456141,0.7447257383966245,0.6328502415458936
708,0.02077562326869806,0.003333333333333333,0.3303471444568869,0.845182415380467,0.08080808080808081,9.42582582016467e-06,0.7010443864229766,0.0028,0.8484848484848485,0.29325920778318276,0.8484848484848485,0.01188118811881188,0.11594202898550725,0.10877192982456141,0.7415611814345991,0.6280193236714976
709,0.22853185595567868,0.003333333333333333,0.33650615901455766,0.6656569881000435,0.8383838383838385,0.0,0.6866840731070497,0.0032,0.8585858585858587,0.31966643502432246,0.888888888888889,0.015841584158415842,0.11594202898550725,0.11228070175438595,0.7352320675105485,0.6231884057971014
710,0.21606648199445985,0.003333333333333333,0.3381858902575588,0.5888545476892094,0.08080808080808081,0.0,0.6736292428198435,0.0032,0.8585858585858587,0.30646282140375264,0.8282828282828284,0.02178217821782178,0.11956521739130435,0.11228070175438595,0.7331223628691983,0.6231884057971014
711,0.221606648199446,0.003333333333333333,0.34210526315789475,0.491735654968324,0.8181818181818182,0.0,0.6592689295039166,0.0032,0.8686868686868687,0.29186935371785966,0.8282828282828284,0.025742574257425738,0.11956521739130435,0.11228070175438595,0.729957805907173,0.6183574879227054
712,0.2257617728531856,0.003333333333333333,0.3381858902575588,0.07494542337041328,0.8181818181818182,0.0,0.057441253263707574,0.0032,0.8686868686868687,0.3015983321751216,0.8585858585858587,0.0297029702970297,0.11956521739130435,0.11578947368421053,0.7225738396624473,0.6135265700483091
713,0.24515235457063714,0.0038888888888888888,0.34658454647256437,0.3535385344572225,0.8484848484848485,0.0,0.6305483028720628,0.0032,0.888888888888889,0.3015983321751216,0.8989898989898991,0.033663366336633666,0.12318840579710146,0.11578947368421053,0.7141350210970464,0.608695652173913
714,0.037396121883656507,0.0038888888888888888,0.3191489361702128,0.2902207858186761,0.8787878787878789,0.0,0.6161879895561359,0.0032,0.8686868686868687,0.296038915913829,0.8787878787878789,0.03762376237623762,0.12318840579710146,0.11578947368421053,0.7046413502109705,0.608695652173913
715,0.2950138504155125,0.0038888888888888888,0.2883538633818589,0.18291810205571363,0.8282828282828284,0.0,0.6031331592689296,0.0032,0.6666666666666667,0.29742876997915224,0.797979797979798,0.039603960396039604,0.12681159420289856,0.11929824561403508,0.7025316455696203,0.6038647342995169
716,0.029085872576177285,0.0038888888888888888,0.35330347144456886,0.2935039989609157,0.797979797979798,0.0,0.5887728459530027,0.0032,0.6565656565656566,0.38429464906184857,0.797979797979798,0.04356435643564356,0.12681159420289856,0.11929824561403508,0.7014767932489452,0.5990338164251208
717,0.26038781163434904,0.0038888888888888888,0.3594624860022396,0.04681317356964007,0.6363636363636365,0.0,0.5757180156657965,0.0032,0.7474747474747475,0.40236275191104937,0.8282828282828284,0.04554455445544554,0.13043478260869568,0.12280701754385966,0.6962025316455697,0.5942028985507246
718,0.2590027700831025,0.0038888888888888888,0.3426651735722284,0.3405860278943597,0.6666666666666667,0.0005325591588393038,0.5626631853785902,0.0036000000000000003,0.7171717171717172,0.38846421125781794,0.7272727272727273,0.047524752475247525,0.13405797101449277,0.12280701754385966,0.6919831223628692,0.5942028985507246
719,0.24238227146814406,0.0038888888888888888,0.36786114221724525,0.4486651662589011,0.686868686868687,0.0011923669662508307,0.549608355091384,0.0036000000000000003,0.7171717171717172,0.41000694927032666,0.787878787878788,0.047524752475247525,0.13405797101449277,0.1263157894736842,0.6867088607594937,0.5893719806763285
720,0.16204986149584488,0.003333333333333333,0.21332586786114222,0.0,0.787878787878788,0.0,0.6945169712793735,0.0028,0.8484848484848485,0.6365531619179987,0.787878787878788,0.0,0.03985507246376811,0.03508771929824562,0.7795358649789029,0.6763285024154589
721,0.1662049861495845,0.003333333333333333,0.21332586786114222,0.7924703648129094,0.8383838383838385,0.0,0.6853785900783291,0.0028,0.8484848484848485,0.6365531619179987,0.8383838383838385,0.0,0.03985507246376811,0.03508771929824562,0.7774261603375527,0.6763285024154589
722,0.1662049861495845,0.003333333333333333,0.2105263157894737,0.5922623688590055,0.8787878787878789,0.0,0.6762402088772846,0.0032,0.8787878787878789,0.506601806810285,0.8787878787878789,0.0,0.043478260869565216,0.03508771929824562,0.7647679324894514,0.6473429951690821
723,0.17451523545706374,0.0038888888888888888,0.2189249720044793,0.41950102974372805,0.888888888888889,0.0003393297295259281,0.6671018276762404,0.0032,0.8585858585858587,0.4503127171646978,0.8787878787878789,0.0,0.043478260869565216,0.03859649122807018,0.7563291139240506,0.6425120772946861
724,0.18005540166204986,0.0038888888888888888,0.22284434490481525,0.3453110469977315,0.888888888888889,0.0012112186178911601,0.6579634464751959,0.0032,0.8585858585858587,0.41139680333564976,0.888888888888889,0.0,0.043478260869565216,0.03859649122807018,0.7489451476793249,0.6376811594202898
725,0.1842105263157895,0.0038888888888888888,0.22060470324748044,0.36853672269395965,0.09090909090909091,0.0,0.06135770234986946,0.0032,0.888888888888889,0.41000694927032666,0.9191919191919192,0.0,0.043478260869565216,0.03859649122807018,0.7415611814345991,0.6328502415458936
726,0.1883656509695291,0.0038888888888888888,0.21612541993281079,0.28261036884587865,0.9191919191919192,0.0,0.05221932114882507,0.0032,0.9191919191919192,0.3877692842251564,0.9494949494949496,0.0,0.043478260869565216,0.03859649122807018,0.740506329113924,0.6328502415458936
727,0.19113573407202217,0.0038888888888888888,0.20996640537513997,0.19825747120752504,0.9393939393939394,4.712912910082335e-06,0.6305483028720628,0.0036000000000000003,0.9494949494949496,0.39332870048644897,0.9696969696969697,0.0,0.043478260869565216,0.03859649122807018,0.7362869198312236,0.6280193236714976
728,0.018005540166204984,0.0038888888888888888,0.2026875699888018,0.19637082887960006,0.9494949494949496,0.0,0.6214099216710184,0.0036000000000000003,0.9595959595959597,0.4127866574009729,0.9696969696969697,0.0019801980198019802,0.04710144927536231,0.042105263157894736,0.7341772151898733,0.6231884057971014
729,0.19806094182825487,0.0044444444444444444,0.19652855543113104,0.19171469505037012,0.9696969696969697,0.0,0.612271540469974,0.0036000000000000003,0.9292929292929294,0.4072272411396804,0.9696969696969697,0.0039603960396039604,0.04710144927536231,0.042105263157894736,0.731012658227848,0.6183574879227054
730,0.20775623268698062,0.0044444444444444444,0.19764837625979845,0.18123077754106745,0.9292929292929294,0.0,0.6031331592689296,0.0036000000000000003,0.8989898989898991,0.40792216817234195,0.9292929292929294,0.0039603960396039604,0.04710144927536231,0.042105263157894736,0.7257383966244725,0.6183574879227054
731,0.20360110803324102,0.0044444444444444444,0.2038073908174692,0.16406277608919478,0.888888888888889,0.0,0.5939947780678853,0.0036000000000000003,0.09090909090909091,0.4322446143154969,0.888888888888889,0.0039603960396039604,0.050724637681159424,0.042105263157894736,0.719409282700422,0.6135265700483091
732,0.20775623268698062,0.0044444444444444444,0.20604703247480405,0.182920182088173,0.8282828282828284,0.0,0.5848563968668408,0.004,0.9797979797979799,0.44892286309937457,0.8787878787878789,0.0039603960396039604,0.050724637681159424,0.045614035087719294,0.7162447257383967,0.608695652173913
733,0.21606648199445985,0.0044444444444444444,0.21668533034714446,0.18769408295599296,0.7575757575757577,0.0,0.5757180156657965,0.004,0.888888888888889,0.3210562890896456,0.888888888888889,0.0039603960396039604,0.050724637681159424,0.045614035087719294,0.7120253164556962,0.6038647342995169
734,0.21745152354570638,0.005,0.23068309070548712,0.01461285436066298,0.696969696969697,9.42582582016467e-06,0.5652741514360314,0.004,0.09090909090909091,0.2682418346073662,0.8989898989898991,0.0039603960396039604,0.05434782608695653,0.04912280701754386,0.7067510548523207,0.5990338164251208
735,0.22437673130193908,0.005,0.22284434490481525,0.8431440529848296,0.36363636363636365,0.0,0.5561357702349871,0.0044,0.8383838383838385,0.23488533703961084,0.8787878787878789,0.0039603960396039604,0.05434782608695653,0.04912280701754386,0.7046413502109705,0.5990338164251208
736,0.21883656509695293,0.028333333333333332,0.011198208286674132,0.0,0.9393939393939394,0.025600542927567242,0.7845953002610967,0.024,0.9393939393939394,0.3919388464211258,0.9393939393939394,0.0,0.09782608695652173,0.09473684210526315,0.7257383966244725,0.6328502415458936
737,0.221606648199446,0.029444444444444443,0.011198208286674132,0.0,0.9494949494949496,0.006192767563848188,0.06788511749347259,0.024800000000000003,0.9494949494949496,0.3919388464211258,0.9494949494949496,0.0,0.09782608695652173,0.09473684210526315,0.7236286919831224,0.6328502415458936
738,0.21883656509695293,0.03,0.011198208286674132,0.0,0.9797979797979799,0.0019087297285833456,0.762402088772846,0.0252,0.9797979797979799,0.37943015983321754,0.9797979797979799,0.0,0.10144927536231883,0.09473684210526315,0.7183544303797469,0.6183574879227054
739,0.22714681440443216,0.03,0.012318029115341547,0.0,0.9393939393939394,0.001154663662970172,0.751958224543081,0.0256,0.9393939393939394,0.3676164002779708,0.9393939393939394,0.0,0.10144927536231883,0.09473684210526315,0.709915611814346,0.5990338164251208
740,0.23130193905817176,0.030555555555555555,0.01175811870100784,0.0,0.9696969696969697,0.0001225357356621407,0.741514360313316,0.0256,0.9696969696969697,0.3752605976372481,0.9696969696969697,0.0,0.10144927536231883,0.09824561403508772,0.7078059071729959,0.5990338164251208
741,0.23822714681440443,0.03,0.01175811870100784,0.0,0.9797979797979799,7.540660656131736e-05,0.731070496083551,0.0256,0.9797979797979799,0.3335649756775539,0.9797979797979799,0.0,0.10507246376811595,0.09824561403508772,0.7014767932489452,0.5893719806763285
742,0.23961218836565099,0.03,0.011198208286674132,0.0,0.9797979797979799,0.0028654510493300598,0.7206266318537861,0.0256,0.9797979797979799,0.35441278665740095,0.9797979797979799,0.0,0.10507246376811595,0.10175438596491228,0.6951476793248945,0.5797101449275363
743,0.2368421052631579,0.03,0.012877939529675253,0.0,0.9797979797979799,0.003148225823935,0.7114882506527416,0.026000000000000002,0.9797979797979799,0.33495482974287705,0.9797979797979799,0.0,0.10869565217391305,0.10175438596491228,0.6867088607594937,0.5748792270531401
744,0.23545706371191136,0.030555555555555555,0.011198208286674132,0.0,0.98989898989899,0.007936545340578652,0.7023498694516972,0.026000000000000002,0.98989898989899,0.34398888116747744,0.98989898989899,0.0,0.10869565217391305,0.10526315789473684,0.679324894514768,0.5652173913043478
745,0.2409972299168975,0.030555555555555555,0.009518477043673012,0.0,0.98989898989899,0.004491406003308465,0.6945169712793735,0.0264,0.98989898989899,0.364141765114663,0.98989898989899,0.0,0.11231884057971016,0.10526315789473684,0.6708860759493671,0.5555555555555556
746,0.23961218836565099,0.03111111111111111,0.0083986562150056,0.0,0.98989898989899,0.0003628942940763398,0.6853785900783291,0.027200000000000002,0.98989898989899,0.3891591382904795,0.98989898989899,0.0,0.11231884057971016,0.10877192982456141,0.6635021097046413,0.5507246376811594
747,0.24238227146814406,0.03166666666666667,0.0083986562150056,0.0,0.9797979797979799,0.0003770330328065868,0.6775456919060053,0.028,0.9797979797979799,0.36205698401667824,0.9797979797979799,0.0,0.11594202898550725,0.10877192982456141,0.6571729957805907,0.5410628019323671
748,0.24515235457063714,0.03277777777777778,0.007838745800671893,0.0,0.98989898989899,0.0007729177172535029,0.6697127937336815,0.028800000000000003,0.98989898989899,0.37595552466990967,0.98989898989899,0.0,0.11594202898550725,0.11228070175438595,0.6550632911392406,0.5458937198067633
749,0.24376731301939059,0.03388888888888889,0.007838745800671893,0.0,0.9797979797979799,0.0030775321302837647,0.6631853785900784,0.030000000000000002,0.9797979797979799,0.41487143849895763,0.9797979797979799,0.0,0.11956521739130435,0.11578947368421053,0.6508438818565401,0.5410628019323671
750,0.24376731301939059,0.035,0.007278835386338188,0.0,1.0,0.01013276275667702,0.6553524804177547,0.031200000000000002,1.0,0.3995830437804031,1.0,0.0,0.12318840579710146,0.11578947368421053,0.6455696202531646,0.536231884057971
751,0.23545706371191136,0.03611111111111111,0.007278835386338188,0.0,0.98989898989899,0.012409099692246787,0.06135770234986946,0.0328,0.98989898989899,0.3856845031271717,0.98989898989899,0.0,0.12681159420289856,0.11929824561403508,0.6392405063291139,0.5314009661835749
752,0.24515235457063714,0.0011111111111111111,0.14053751399776038,0.0,0.9191919191919192,0.0,0.7193211488250654,0.0008,0.9292929292929294,0.47046560111188324,0.9191919191919192,0.0019801980198019802,0.05434782608695653,0.04912280701754386,0.7151898734177216,0.6376811594202898
753,0.24930747922437674,0.0011111111111111111,0.14053751399776038,0.6668264189891665,0.9393939393939394,0.0,0.710182767624021,0.0008,0.9393939393939394,0.47046560111188324,0.9494949494949496,0.0019801980198019802,0.05434782608695653,0.052631578947368425,0.7130801687763714,0.6376811594202898
754,0.25346260387811637,0.0011111111111111111,0.1349384098544233,0.65477300480414,0.9292929292929294,0.0,0.7010443864229766,0.0008,0.9292929292929294,0.48297428769979156,0.9292929292929294,0.0019801980198019802,0.05434782608695653,0.052631578947368425,0.7120253164556962,0.6376811594202898
755,0.24930747922437674,0.0011111111111111111,0.13829787234042554,0.5927539165085282,0.9292929292929294,0.0,0.6932114882506528,0.0008,0.9393939393939394,0.4656011118832523,0.9292929292929294,0.0039603960396039604,0.05434782608695653,0.052631578947368425,0.7067510548523207,0.6376811594202898
756,0.27146814404432135,0.0011111111111111111,0.13213885778275478,0.5501862227088016,0.8989898989898991,0.0,0.6840731070496084,0.0008,0.09090909090909091,0.47324530924252955,0.8989898989898991,0.0039603960396039604,0.057971014492753624,0.052631578947368425,0.7025316455696203,0.6280193236714976
757,0.26315789473684215,0.0011111111111111111,0.13157894736842105,0.4701662854003529,0.8989898989898991,0.0,0.6762402088772846,0.0008,0.8989898989898991,0.4801945795691453,0.8989898989898991,0.0039603960396039604,0.057971014492753624,0.052631578947368425,0.6983122362869199,0.6231884057971014
758,0.030470914127423823,0.0011111111111111111,0.1422172452407615,0.4171221728657644,0.9191919191919192,0.0,0.6671018276762404,0.0008,0.9191919191919192,0.4746351633078527,0.9191919191919192,0.0039603960396039604,0.057971014492753624,0.052631578947368425,0.6983122362869199,0.6183574879227054
759,0.2673130193905817,0.0011111111111111111,0.14949608062709968,0.5404868965282651,0.98989898989899,0.0,0.6579634464751959,0.0012000000000000001,0.98989898989899,0.4315496872828353,0.98989898989899,0.0039603960396039604,0.06159420289855072,0.056140350877192984,0.6951476793248945,0.6473429951690821
760,0.030470914127423823,0.0011111111111111111,0.15789473684210528,0.5238817285614517,1.0,0.0,0.06266318537859009,0.0012000000000000001,1.0,0.4391938846421126,1.0,0.0039603960396039604,0.06159420289855072,0.056140350877192984,0.6930379746835443,0.6231884057971014
761,0.29085872576177285,0.0016666666666666666,0.15453527435610304,0.5784107534911985,0.9696969696969697,0.0,0.05352480417754569,0.0012000000000000001,0.9696969696969697,0.4642112578179291,0.9696969696969697,0.0019801980198019802,0.06159420289855072,0.056140350877192984,0.6867088607594937,0.6231884057971014
762,0.29362880886426596,0.0016666666666666666,0.15453527435610304,0.44133098643128704,0.8989898989898991,0.0,0.6318537859007833,0.0012000000000000001,0.8989898989898991,0.49965253648366925,0.8989898989898991,0.0019801980198019802,0.06521739130434782,0.05964912280701755,0.679324894514768,0.6135265700483091
763,0.296398891966759,0.0016666666666666666,0.16181410974244123,0.3992646968463388,0.09090909090909091,0.0,0.6214099216710184,0.0012000000000000001,0.09090909090909091,0.5072967338429465,0.09090909090909091,0.0039603960396039604,0.06521739130434782,0.05964912280701755,0.6708860759493671,0.5990338164251208
764,0.038781163434903045,0.0016666666666666666,0.17301231802911535,0.40079568818073696,0.9494949494949496,0.0,0.6109660574412533,0.0016,0.9393939393939394,0.5288394718554552,0.9494949494949496,0.0039603960396039604,0.06884057971014493,0.06315789473684211,0.6624472573839663,0.5797101449275363
765,0.03185595567867036,0.0016666666666666666,0.16573348264277718,0.2973436124723181,0.8181818181818182,0.0,0.6005221932114884,0.0016,0.8181818181818182,0.5489923558026408,0.8181818181818182,0.005940594059405941,0.06884057971014493,0.06315789473684211,0.6550632911392406,0.5700483091787439
766,0.30193905817174516,0.0022222222222222222,0.1606942889137738,0.33265460359684795,0.7575757575757577,9.42582582016467e-06,0.5900783289817234,0.0016,0.9494949494949496,0.5698401667824878,0.9292929292929294,0.005940594059405941,0.07246376811594203,0.06666666666666667,0.6487341772151899,0.5603864734299516
767,0.30055401662049863,0.0022222222222222222,0.15565509518477044,0.35425362038852237,1.0,0.0,0.5783289817232377,0.002,0.98989898989899,0.5677553856845031,1.0,0.005940594059405941,0.07246376811594203,0.06666666666666667,0.640295358649789,0.5458937198067633
768,0.04293628808864266,0.0016666666666666666,0.0,0.0,0.16161616161616163,0.0058911411376029186,0.3067885117493473,0.0016,0.17171717171717174,0.2640722724113968,0.16161616161616163,0.08118811881188119,0.3007246376811594,0.28771929824561404,0.6139240506329113,0.4444444444444444
769,0.04293628808864266,0.0016666666666666666,0.0,0.13426931226117375,0.020202020202020204,6.126786783107035e-05,0.3002610966057441,0.0016,0.24242424242424243,0.2640722724113968,0.020202020202020204,0.08514851485148515,0.30434782608695654,0.29122807017543856,0.6139240506329113,0.4444444444444444
770,0.4515235457063712,0.0016666666666666666,0.5996640537513999,0.15664927035836396,0.0,0.0015128450441364294,0.293733681462141,0.0016,0.030303030303030304,0.2592077831827658,0.030303030303030304,0.11089108910891089,0.3079710144927536,0.2982456140350877,0.6181434599156118,0.4444444444444444
771,0.46537396121883656,0.0016666666666666666,0.6651735722284435,0.15028927011712986,0.0,0.005608366362997978,0.28720626631853785,0.0016,0.030303030303030304,0.27797081306462823,0.24242424242424243,0.16039603960396037,0.3115942028985507,0.3017543859649122,0.6149789029535865,0.4444444444444444
772,0.47506925207756234,0.0016666666666666666,0.61478163493841,0.1495519175415226,0.0,0.0,0.2819843342036554,0.0016,0.393939393939394,0.22863099374565674,0.4141414141414142,0.1504950495049505,0.31884057971014496,0.30526315789473685,0.6118143459915611,0.4444444444444444
773,0.46814404432132967,0.0016666666666666666,0.555431131019037,0.1194668054369447,0.0,0.0,0.27545691906005226,0.0016,0.595959595959596,0.26685198054204307,0.4444444444444445,0.1405940594059406,0.322463768115942,0.31228070175438594,0.6213080168776371,0.4444444444444444
774,0.045706371191135735,0.0016666666666666666,0.44568868980963045,0.11525944206652691,0.0,0.00036760720698642214,0.27023498694516973,0.0016,0.5757575757575758,0.3697011813759556,0.43434343434343436,0.14257425742574256,0.3297101449275362,0.319298245614035,0.6223628691983122,0.43961352657004826
775,0.46675900277008314,0.0016666666666666666,0.4664053751399776,0.170849797398503,0.0,0.002054830028795898,0.26501305483028725,0.0016,0.5555555555555556,0.1605281445448228,0.42424242424242425,0.12277227722772277,0.33333333333333337,0.32280701754385965,0.6244725738396624,0.43961352657004826
776,0.46814404432132967,0.0016666666666666666,0.38353863381858905,0.10262129946553365,0.0,2.3564564550411675e-05,0.024804177545691905,0.0016,0.5454545454545455,0.1563585823488534,0.4141414141414142,0.11485148514851486,0.34057971014492755,0.32982456140350874,0.6191983122362869,0.43478260869565216
777,0.46537396121883656,0.0016666666666666666,0.40705487122060474,0.8289658889480092,0.0,0.0,0.0195822454308094,0.0016,0.5252525252525253,0.1480194579569145,0.04040404040404041,0.10297029702970296,0.34782608695652173,0.3333333333333333,0.600210970464135,0.43478260869565216
778,0.46537396121883656,0.0016666666666666666,0.4020156774916014,0.012086111542044736,0.0,0.0,0.01566579634464752,0.0016,0.05050505050505051,0.113273106323836,0.393939393939394,0.09504950495049505,0.35144927536231885,0.34035087719298246,0.5938818565400843,0.42028985507246375
779,0.46398891966759004,0.0016666666666666666,0.35106382978723405,0.4462131692855104,0.0,0.00017909069058312874,0.2454308093994778,0.0016,0.48484848484848486,0.16678248783877694,0.38383838383838387,0.08514851485148515,0.03260869565217391,0.031578947368421054,0.5833333333333334,0.4106280193236715
780,0.461218836565097,0.0016666666666666666,0.3986562150055991,0.31029550682491447,0.0,8.483243238148202e-05,0.2415143603133159,0.0016,0.4646464646464647,0.15496872828353023,0.37373737373737376,0.06930693069306931,0.03985507246376811,0.03508771929824562,0.5843881856540085,0.4057971014492754
781,0.461218836565097,0.0016666666666666666,0.33594624860022393,0.23517550616791832,0.0,0.00011310990984197603,0.23629242819843344,0.0016,0.4444444444444445,0.17373175816539266,0.36363636363636365,0.05544554455445544,0.04710144927536231,0.042105263157894736,0.5717299578059072,0.3961352657004831
782,0.461218836565097,0.0016666666666666666,0.28331466965285557,0.198110876798149,0.0,0.006310590386600246,0.2310704960835509,0.0016,0.43434343434343436,0.12369701181375957,0.3535353535353536,0.04356435643564356,0.05434782608695653,0.045614035087719294,0.5559071729957806,0.3864734299516908
783,0.46398891966759004,0.0016666666666666666,0.24916013437849946,0.14979231865025427,0.0,0.0,0.22584856396866843,0.0016,0.4141414141414142,0.18971507991660877,0.3434343434343435,0.03564356435643564,0.057971014492753624,0.052631578947368425,0.0,0.0
784,0.3518005540166205,0.002777777777777778,0.0,0.0,0.9595959595959597,0.0009331567561963023,0.22976501305483032,0.0028,0.9595959595959597,0.23210562890896455,0.9595959595959597,0.005940594059405941,0.3007246376811594,0.2842105263157894,0.4409282700421941,0.24154589371980675
785,0.3601108033240997,0.002777777777777778,0.0,0.0,0.9494949494949496,0.0005985399395804566,0.22193211488250653,0.0032,0.9494949494949496,0.23210562890896455,0.9494949494949496,0.005940594059405941,0.30434782608695654,0.28771929824561404,0.43881856540084385,0.24154589371980675
786,0.3670360110803324,0.003333333333333333,0.0,0.0,0.9494949494949496,0.00021208108095370506,0.21540469973890342,0.0032,0.9494949494949496,0.2154273801250869,0.9494949494949496,0.007920792079207921,0.3079710144927536,0.29122807017543856,0.43670886075949367,0.24154589371980675
787,0.3781163434903047,0.003333333333333333,0.0,0.0,0.9494949494949496,0.000914305104555973,0.20887728459530028,0.0032,0.9494949494949496,0.20708825573314804,0.9494949494949496,0.009900990099009901,0.3115942028985507,0.2982456140350877,0.43248945147679324,0.24154589371980675
788,0.39473684210526316,0.003333333333333333,0.0341545352743561,0.210145973355516,0.9696969696969697,0.00022621981968395206,0.20234986945169714,0.0032,0.9696969696969697,0.25017373175816543,0.9696969696969697,0.01188118811881188,0.31521739130434784,0.3017543859649122,0.4272151898734177,0.24154589371980675
789,0.4113573407202216,0.003333333333333333,0.0335946248600224,0.17386088277684,0.09090909090909091,0.00024035855841419908,0.195822454308094,0.0036000000000000003,0.09090909090909091,0.2251563585823489,0.09090909090909091,0.015841584158415842,0.31884057971014496,0.30526315789473685,0.42616033755274263,0.24637681159420288
790,0.4293628808864266,0.003333333333333333,0.03471444568868981,0.157776381411501,0.9292929292929294,0.00038645885862675146,0.18929503916449086,0.0036000000000000003,0.9292929292929294,0.2293259207783183,0.9292929292929294,0.017821782178217824,0.322463768115942,0.30877192982456136,0.42405063291139244,0.25120772946859904
791,0.44459833795013853,0.003333333333333333,0.02687569988801792,0.11785170941340062,0.9494949494949496,0.0,0.18407310704960836,0.0036000000000000003,0.9494949494949496,0.25642807505211956,0.9494949494949496,0.019801980198019806,0.32608695652173914,0.3157894736842105,0.42827004219409287,0.25120772946859904
792,0.45429362880886426,0.003333333333333333,0.06830907054871221,0.11442742367385221,0.9191919191919192,0.0002592102100545284,0.17885117493472585,0.0036000000000000003,0.9191919191919192,0.22863099374565674,0.9191919191919192,0.023762376237623763,0.3297101449275362,0.319298245614035,0.4272151898734177,0.25603864734299514
793,0.46398891966759004,0.0038888888888888888,0.05375139977603583,0.1062022317023643,0.9494949494949496,0.0006032528524905389,0.17362924281984335,0.0036000000000000003,0.9494949494949496,0.2293259207783183,0.9494949494949496,0.025742574257425738,0.33333333333333337,0.32280701754385965,0.4272151898734177,0.25603864734299514
794,0.045706371191135735,0.0038888888888888888,0.0593505039193729,0.5073060507591631,0.9696969696969697,8.954534529156437e-05,0.16840731070496084,0.0036000000000000003,0.9696969696969697,0.20639332870048646,0.9696969696969697,0.0297029702970297,0.33695652173913043,0.32982456140350874,0.0,0.2608695652173913
795,0.47229916897506924,0.0038888888888888888,0.03527435610302351,0.10277934006335378,0.8484848484848485,0.00011310990984197603,0.16449086161879894,0.004,0.98989898989899,0.21820708825573318,0.98989898989899,0.033663366336633666,0.3442028985507246,0.3333333333333333,0.0,0.24154589371980675
796,0.4736842105263158,0.0038888888888888888,0.03079507278835387,0.6925426317574672,0.9191919191919192,0.0017720552541909578,0.1605744125326371,0.004,0.9595959595959597,0.2432244614315497,0.9393939393939394,0.03564356435643564,0.34782608695652173,0.33684210526315783,0.0,0.22705314009661837
797,0.4736842105263158,0.0038888888888888888,0.04591265397536394,7.042944021714207e-11,0.8686868686868687,0.002167939938637874,0.15796344647519583,0.004,0.9292929292929294,0.29186935371785966,0.09090909090909091,0.03564356435643564,0.35507246376811596,0.343859649122807,0.0,0.21256038647342998
798,0.47645429362880887,0.0038888888888888888,0.0335946248600224,0.5602865358961318,0.0,0.0009614342336567963,0.15404699738903396,0.004,0.8989898989898991,0.2744961779013204,0.8686868686868687,0.03762376237623762,0.03260869565217391,0.031578947368421054,0.0,0.2077294685990338
799,0.8199445983379502,0.0038888888888888888,0.04591265397536394,7.37156813561671e-11,0.0,0.003718488286054962,0.1514360313315927,0.004,0.8282828282828284,0.30785267546907574,0.8181818181818182,0.03564356435643564,0.03985507246376811,0.03508771929824562,0.0,0.18840579710144928
800,0.16343490304709143,0.0,0.0,0.0,0.9191919191919192,1.885165164032934e-05,0.7689295039164492,0.0,0.9393939393939394,0.44336344683808204,0.9393939393939394,0.0,0.06521739130434782,0.06315789473684211,0.9103375527426161,0.7971014492753623
801,0.16759002770083103,0.0,0.0,0.027045360621575455,0.9393939393939394,0.0,0.762402088772846,0.0,0.9393939393939394,0.44336344683808204,0.9393939393939394,0.0,0.06521739130434782,0.06315789473684211,0.9071729957805907,0.7971014492753623
802,0.17451523545706374,0.0,0.0,0.26172337543169283,0.9393939393939394,9.42582582016467e-06,0.7571801566579636,0.0,0.9494949494949496,0.4503127171646978,0.9494949494949496,0.0,0.06521739130434782,0.06315789473684211,0.9029535864978903,0.7971014492753623
803,0.18559556786703602,0.0,0.0,0.226684453274039,0.9494949494949496,1.885165164032934e-05,0.7506527415143605,0.0,0.9494949494949496,0.4419735927727589,0.9494949494949496,0.0,0.06521739130434782,0.06315789473684211,0.8966244725738396,0.7971014492753623
804,0.18975069252077564,0.0,0.0,0.21504944764476108,0.9494949494949496,3.2990390370576346e-05,0.7441253263707572,0.0,0.9393939393939394,0.40514246004169563,0.9393939393939394,0.0,0.06521739130434782,0.06666666666666667,0.8839662447257384,0.7922705314009661
805,0.1883656509695291,0.0,0.8376259798432252,0.1804996188866386,0.9494949494949496,0.0,0.7389033942558748,0.0,0.9494949494949496,0.4343293954134816,0.9494949494949496,0.0,0.06521739130434782,0.06666666666666667,0.8786919831223629,0.7826086956521738
806,0.2146814404432133,0.0,0.841545352743561,0.17199269259856195,0.9595959595959597,0.0,0.7323759791122717,0.0,0.9595959595959597,0.4815844336344684,0.9595959595959597,0.0,0.06884057971014493,0.06666666666666667,0.8818565400843882,0.7777777777777778
807,0.22991689750692523,0.0,0.9507278835386338,0.22544438902609334,0.9494949494949496,0.0,0.7271540469973892,0.0,0.9595959595959597,0.4586518415566366,0.9595959595959597,0.0,0.06884057971014493,0.07017543859649122,0.880801687763713,0.7777777777777778
808,0.26038781163434904,0.0,1.0000000000000002,0.019072720610094445,0.9595959595959597,4.712912910082335e-06,0.7219321148825066,0.0,0.9595959595959597,0.3585823488533704,0.9595959595959597,0.0,0.06884057971014493,0.07017543859649122,0.8744725738396624,0.7777777777777778
809,0.2590027700831025,0.0,0.9277715565509519,0.24475497355806614,0.9595959595959597,0.00012724864857222305,0.7167101827676241,0.0,0.9595959595959597,0.35441278665740095,0.9595959595959597,0.0,0.07246376811594203,0.0736842105263158,0.8670886075949367,0.7777777777777778
810,0.26038781163434904,0.0,0.868421052631579,0.15375825742298393,0.9595959595959597,9.42582582016467e-06,0.7114882506527416,0.0,0.9696969696969697,0.3613620569840167,0.9696969696969697,0.0,0.07246376811594203,0.0736842105263158,0.8565400843881857,0.7681159420289855
811,0.26869806094182824,0.0,0.8432250839865623,0.1012872598398802,0.09090909090909091,0.0,0.7075718015665797,0.0,0.9595959595959597,0.3564975677553857,0.9494949494949496,0.0,0.07608695652173914,0.07719298245614034,0.8491561181434599,0.7584541062801932
812,0.2742382271468144,0.0,0.6511758118701009,0.13294277371376287,0.0,0.0,0.7036553524804179,0.0,0.9595959595959597,0.34190410006949273,0.9494949494949496,0.0,0.07608695652173914,0.07719298245614034,0.8417721518987342,0.7536231884057971
813,0.29085872576177285,0.0,0.6422172452407616,0.7818945610733999,0.0,0.0,0.699738903394256,0.0,0.9494949494949496,0.33634468380820015,0.9494949494949496,0.0,0.07971014492753623,0.08070175438596491,0.8343881856540085,0.7439613526570048
814,0.3102493074792244,0.0,0.0,0.8877595586737015,0.0,0.0,0.6958224543080941,0.0,0.9494949494949496,0.3370396108408617,0.9494949494949496,0.0,0.08333333333333333,0.08421052631578947,0.8238396624472574,0.7246376811594203
815,0.30055401662049863,0.0,0.0,0.05356934497058066,0.0,4.241621619074101e-05,0.6919060052219322,0.0,0.9393939393939394,0.36692147324530927,0.9393939393939394,0.0,0.08695652173913043,0.08421052631578947,0.8059071729957806,0.6956521739130435
816,0.3102493074792244,0.07555555555555556,0.0,0.0,0.7777777777777778,0.08363063958941103,0.21671018276762405,0.0776,0.7575757575757577,0.3391243919388464,0.7777777777777778,0.009900990099009901,0.04710144927536231,0.03859649122807018,0.4651898734177215,0.4057971014492754
817,0.32271468144044324,0.07777777777777778,0.0,0.9010675217090934,0.7777777777777778,0.06003779756153886,0.21148825065274152,0.08080000000000001,0.7575757575757577,0.3391243919388464,0.7777777777777778,0.009900990099009901,0.050724637681159424,0.042105263157894736,0.4588607594936709,0.4057971014492754
818,0.3268698060941828,0.08055555555555556,0.10358342665173574,0.8327023251967983,0.7272727272727273,0.024756931516662504,0.206266318537859,0.0844,0.07070707070707072,0.36066712995135514,0.7272727272727273,0.015841584158415842,0.05434782608695653,0.045614035087719294,0.45042194092827004,0.4057971014492754
819,0.33240997229916897,0.08333333333333333,0.10246360582306832,0.8696902710237611,0.696969696969697,0.02048703242012791,0.20104438642297648,0.0884,0.07070707070707072,0.4009728978457262,0.696969696969697,0.02178217821782178,0.057971014492753624,0.04912280701754386,0.4451476793248945,0.4057971014492754
820,0.34349030470914127,0.08666666666666667,0.07334826427771558,0.6788768160954243,0.6565656565656566,0.015340531522318,0.195822454308094,0.09240000000000001,0.07070707070707072,0.4551772063933287,0.6565656565656566,0.025742574257425738,0.06521739130434782,0.052631578947368425,0.43354430379746833,0.3961352657004831
821,0.3601108033240997,0.09,0.07446808510638299,0.6784570277627747,0.6262626262626263,0.019959186174198687,0.1906005221932115,0.09720000000000001,0.696969696969697,0.4767199444058374,0.6161616161616162,0.031683168316831684,0.39492753623188404,0.056140350877192984,0.4229957805907173,0.3913043478260869
822,0.3781163434903047,0.09388888888888888,0.06494960806270997,0.5386242351736248,0.5656565656565657,0.005542385582256826,0.18668407310704963,0.1024,0.6565656565656566,0.30646282140375264,0.5858585858585859,0.03762376237623762,0.39855072463768115,0.05964912280701755,0.41455696202531644,0.3913043478260869
823,0.3988919667590028,0.09833333333333333,0.06270996640537514,0.3862156579863523,0.5252525252525253,0.016547037227299076,0.18146214099216712,0.108,0.6363636363636365,0.29742876997915224,0.5454545454545455,0.04554455445544554,0.4021739130434782,0.06315789473684211,0.3987341772151899,0.36714975845410625
824,0.05263157894736842,0.10333333333333333,0.0587905935050392,0.3051487360489992,0.4747474747474748,0.006814872067979056,0.1762402088772846,0.1144,0.6161616161616162,0.32592077831827665,0.05050505050505051,0.05346534653465346,0.4057971014492754,0.38245614035087716,0.3818565400843882,0.3429951690821256
825,0.45290858725761773,0.10888888888888888,0.06774916013437851,0.22226200026375142,0.0,0.006838436632529468,0.17232375979112272,0.1216,0.595959595959596,0.310632383599722,0.4646464646464647,0.06336633663366337,0.40942028985507245,0.38596491228070173,0.3649789029535865,0.3188405797101449
826,0.4736842105263158,0.11444444444444445,0.054871220604703244,0.18067345975799268,0.0,0.0016825099088993935,0.1671018276762402,0.1292,0.5656565656565657,0.29186935371785966,0.4444444444444445,0.0712871287128713,0.41304347826086957,0.38947368421052625,0.3428270042194093,0.2801932367149758
827,0.4889196675900277,0.12055555555555555,0.04759238521836506,0.15094533745623812,0.0,0.00034404264243601045,0.16318537859007834,0.1368,0.5454545454545455,0.29395413481584437,0.04040404040404041,0.0792079207920792,0.41304347826086957,0.3929824561403509,0.3270042194092827,0.2608695652173913
828,0.5013850415512465,0.12666666666666668,0.043673012318029114,0.10990155019962182,0.0,0.0010745441434987723,0.15926892950391644,0.14400000000000002,0.5555555555555556,0.3224461431549687,0.37373737373737376,0.08514851485148515,0.41666666666666663,0.39999999999999997,0.3227848101265823,0.25120772946859904
829,0.5096952908587258,0.13166666666666665,0.044232922732362824,0.10842418045130225,0.0,0.01570342581639434,0.15535248041775457,0.15080000000000002,0.5555555555555556,0.3287004864489229,0.3535353535353536,0.0891089108910891,0.42028985507246375,0.40350877192982454,0.3143459915611814,0.23671497584541065
830,0.5138504155124654,0.13666666666666666,0.04703247480403135,0.11881883195427867,0.0,0.011150751945254804,0.1514360313315927,0.1568,0.5555555555555556,0.296038915913829,0.32323232323232326,0.09504950495049505,0.4239130434782609,0.40701754385964906,0.2985232067510548,0.2077294685990338
831,0.5401662049861496,0.14055555555555554,0.048712206047032476,0.1161398299783451,0.0,0.007823435430736676,0.14751958224543082,0.16160000000000002,0.5555555555555556,0.30298818624044477,0.030303030303030304,0.09702970297029703,0.427536231884058,0.4105263157894737,0.0,0.18840579710144928
832,0.2590027700831025,0.0,0.0,0.0,1.0,0.0,0.8054830287206268,0.0,1.0,0.3120222376650452,1.0,0.0,0.14130434782608697,0.1263157894736842,0.7742616033755274,0.7391304347826088
833,0.02493074792243767,0.0,0.0,0.005062302186262489,1.0,0.0,0.7950391644908618,0.0,1.0,0.3120222376650452,1.0,0.0,0.14130434782608697,0.1263157894736842,0.7668776371308017,0.7342995169082125
834,0.26454293628808867,0.0,0.0,0.46141019734675165,1.0,0.0,0.7845953002610967,0.0,1.0,0.296038915913829,1.0,0.0,0.14130434782608697,0.1263157894736842,0.7584388185654009,0.7246376811594203
835,0.26869806094182824,0.0,0.0,0.4321986995762671,1.0,0.0,0.06788511749347259,0.0,1.0,0.2890896455872134,1.0,0.0,0.14130434782608697,0.1263157894736842,0.7531645569620253,0.7198067632850241
836,0.27146814404432135,0.0,0.0,0.40245723746121803,1.0,0.0,0.7637075718015667,0.0,1.0,0.31966643502432246,1.0,0.0,0.14130434782608697,0.1263157894736842,0.7478902953586497,0.7101449275362318
837,0.0013850415512465374,0.0,0.12541993281075028,0.621860544523456,1.0,0.0,0.7532637075718017,0.0,1.0,0.29395413481584437,1.0,0.0,0.14130434782608697,0.1263157894736842,0.7447257383966245,0.7053140096618358
838,0.030470914127423823,0.0,0.12877939529675253,0.6075093535584463,1.0,4.712912910082335e-06,0.7441253263707572,0.0,1.0,0.296038915913829,1.0,0.0,0.14130434782608697,0.1263157894736842,0.7426160337552742,0.7004830917874396
839,0.03462603878116344,0.0,0.1086226203807391,0.8118052481426392,1.0,0.0,0.7349869451697129,0.0,1.0,0.25573314801945796,1.0,0.0,0.14130434782608697,0.1263157894736842,0.7383966244725738,0.6908212560386474
840,0.038781163434903045,0.0,0.11646136618141098,0.589926115284805,1.0,0.0,0.7258485639686685,0.0,1.0,0.25990271021542743,1.0,0.0,0.14492753623188406,0.12982456140350876,0.7362869198312236,0.6859903381642511
841,0.29085872576177285,0.0,0.11478163493840987,0.05221032061524871,1.0,0.0006409561557711975,0.7167101827676241,0.0,0.98989898989899,0.26685198054204307,0.98989898989899,0.0,0.14492753623188406,0.12982456140350876,0.7331223628691983,0.6763285024154589
842,0.2950138504155125,0.0,0.11254199328107505,0.644984694883071,1.0,0.0,0.7062663185378592,0.0,0.9797979797979799,0.250868658790827,0.9696969696969697,0.0,0.14492753623188406,0.12982456140350876,0.7373417721518987,0.6714975845410628
843,0.30055401662049863,0.0,0.09070548712206047,0.4406724419043356,1.0,0.00017437777767304638,0.6945169712793735,0.0,0.9696969696969697,0.250868658790827,0.9595959595959597,0.0,0.14855072463768118,0.1333333333333333,0.7289029535864978,0.6473429951690821
844,0.029085872576177285,0.0,0.09798432250839867,0.2542392148065015,1.0,0.001437438437575112,0.6814621409921673,0.0,0.9595959595959597,0.23280055594162616,0.9494949494949496,0.0,0.14855072463768118,0.1333333333333333,0.7267932489451476,0.6425120772946861
845,0.029085872576177285,0.0,0.10302351623740202,0.02064123065768929,1.0,0.0014327255246650299,0.668407310704961,0.0,0.9494949494949496,0.24183460736622656,0.9393939393939394,0.0,0.14855072463768118,0.1333333333333333,0.7246835443037976,0.6425120772946861
846,0.30470914127423826,0.0,0.10750279955207168,0.020746148091925168,0.98989898989899,8.011951947139969e-05,0.6553524804177547,0.0,0.9292929292929294,0.22793606671299513,0.9191919191919192,0.0,0.15217391304347827,0.13684210526315788,0.7204641350210971,0.6376811594202898
847,0.30470914127423826,0.0,0.11422172452407615,0.313100137913394,0.98989898989899,0.0,0.05483028720626632,0.0,0.9191919191919192,0.26893676164002783,0.09090909090909091,0.0,0.15217391304347827,0.13684210526315788,0.7183544303797469,0.6328502415458936
848,0.1038781163434903,0.0,0.49216125419932816,0.0,0.0,9.42582582016467e-06,0.797650130548303,0.0,0.9797979797979799,0.6726893676164003,0.9797979797979799,0.0,0.02898550724637681,0.02456140350877193,0.9419831223628692,0.821256038647343
849,0.10664819944598337,0.0,0.49216125419932816,0.6174644770544593,0.0,0.0,0.7924281984334205,0.0,0.98989898989899,0.6726893676164003,0.98989898989899,0.0,0.02898550724637681,0.02456140350877193,0.9388185654008439,0.821256038647343
850,0.10803324099722991,0.0,0.5016797312430012,0.6125605067466869,0.0,9.42582582016467e-06,0.7885117493472585,0.0,0.98989898989899,0.6636553161918,0.98989898989899,0.0,0.02898550724637681,0.02456140350877193,0.9356540084388185,0.821256038647343
851,0.11218836565096953,0.0,0.5167973124300113,0.589874661876643,0.0,0.0,0.7832898172323761,0.0,1.0,0.6462821403752607,1.0,0.0,0.02898550724637681,0.02456140350877193,0.9324894514767933,0.821256038647343
852,0.11772853185595568,0.0,0.5487122060470325,0.7113359268609599,0.0,0.00012724864857222305,0.0731070496083551,0.0,1.0,0.6323835997220292,1.0,0.0,0.02898550724637681,0.02456140350877193,0.9261603375527426,0.8164251207729468
853,0.12188365650969529,0.0,0.5436730123180292,0.5926471238798556,0.0,2.3564564550411675e-05,0.06788511749347259,0.0,1.0,0.660180681028492,1.0,0.0,0.02898550724637681,0.02456140350877193,0.9219409282700421,0.8115942028985508
854,0.12465373961218836,0.0,0.5571108622620382,0.5806966996483459,0.0,9.42582582016467e-06,0.7676240208877285,0.0,1.0,0.6393328700486449,1.0,0.0,0.02898550724637681,0.02456140350877193,0.9261603375527426,0.821256038647343
855,0.128808864265928,0.0,0.5739081746920494,0.006800032580444089,0.0,2.3564564550411675e-05,0.762402088772846,0.0,0.9797979797979799,0.5802640722724114,1.0,0.0,0.02898550724637681,0.02456140350877193,0.9240506329113924,0.8260869565217391
856,0.13157894736842107,0.0,0.5845464725643897,0.006157293034795283,0.0,0.0,0.7571801566579636,0.0,0.9797979797979799,0.6184850590687978,1.0,0.0,0.02898550724637681,0.02456140350877193,0.9208860759493671,0.8309178743961352
857,0.13157894736842107,0.0,0.5677491601343786,0.5256449394033432,0.0,0.0,0.751958224543081,0.0,0.9797979797979799,0.5823488533703962,0.9797979797979799,0.0,0.02898550724637681,0.02456140350877193,0.9166666666666666,0.8309178743961352
858,0.013850415512465374,0.0,0.5565509518477044,0.4824551063524728,0.0,4.712912910082335e-06,0.7454308093994779,0.0,0.9797979797979799,0.585823488533704,0.9797979797979799,0.0,0.02898550724637681,0.02456140350877193,0.9113924050632911,0.8260869565217391
859,0.015235457063711912,0.0,0.5531914893617023,0.45162588932960485,0.0,0.0,0.7389033942558748,0.0,0.9696969696969697,0.5705350938151496,0.98989898989899,0.0,0.02898550724637681,0.02456140350877193,0.9166666666666666,0.8840579710144928
860,0.13434903047091415,0.0,0.5207166853303472,0.3875421503575635,0.0,0.0,0.7323759791122717,0.0,0.9696969696969697,0.56636553161918,0.98989898989899,0.0,0.02898550724637681,0.02456140350877193,0.9135021097046413,0.8743961352657006
861,0.13434903047091415,0.0,0.5173572228443449,0.3104480317207502,0.0,0.0,0.7258485639686685,0.0,0.9595959595959597,0.5427380125086866,0.98989898989899,0.0,0.02898550724637681,0.02456140350877193,0.9103375527426161,0.8695652173913043
862,0.0,0.0,0.49999999999999994,0.027799228550738207,0.0,4.712912910082335e-06,0.7193211488250654,0.0,0.9595959595959597,0.5163307852675469,0.98989898989899,0.0,0.02898550724637681,0.02456140350877193,0.9029535864978903,0.8550724637681159
863,0.019390581717451522,0.0,0.48040313549832026,0.39841082449036097,0.0,0.0,0.7114882506527416,0.0,0.9696969696969697,0.501737317581654,1.0,0.0,0.02898550724637681,0.028070175438596492,0.8934599156118144,0.8357487922705314
864,0.10664819944598337,0.0011111111111111111,0.643337066069429,0.0,0.8686868686868687,0.0007399273268829266,0.8028720626631854,0.0012000000000000001,0.98989898989899,0.8019457956914524,0.98989898989899,0.0,0.021739130434782608,0.017543859649122806,0.9430379746835443,0.7874396135265701
865,0.10803324099722991,0.0016666666666666666,0.643337066069429,0.6750817772409022,0.8383838383838385,0.0012583477469919834,0.7963446475195823,0.0012000000000000001,0.98989898989899,0.8019457956914524,0.98989898989899,0.0,0.018115942028985504,0.017543859649122806,0.9388185654008439,0.7826086956521738
866,0.11080332409972299,0.0016666666666666666,0.6209406494960806,0.6657940836344225,0.7474747474747475,0.001281912311542395,0.7911227154046999,0.0012000000000000001,1.0,0.8033356497567756,1.0,0.0,0.018115942028985504,0.017543859649122806,0.9356540084388185,0.7826086956521738
867,0.11357340720221606,0.0016666666666666666,0.643337066069429,0.7526213273265097,0.787878787878788,0.0,0.7845953002610967,0.0012000000000000001,1.0,0.7949965253648367,1.0,0.0,0.018115942028985504,0.017543859649122806,0.9335443037974683,0.7777777777777778
868,0.11357340720221606,0.0016666666666666666,0.6601343784994402,0.6850495221647336,0.7474747474747475,0.07045333509282083,0.0731070496083551,0.0012000000000000001,1.0,0.7873523280055594,1.0,0.0,0.018115942028985504,0.017543859649122806,0.930379746835443,0.7777777777777778
869,0.11772853185595568,0.0016666666666666666,0.654535274356103,0.072920454076006,0.6565656565656566,0.023790784370095627,0.06657963446475196,0.0012000000000000001,1.0,0.778318276580959,1.0,0.0,0.018115942028985504,0.017543859649122806,0.9272151898734177,0.7729468599033816
870,0.12049861495844875,0.0016666666666666666,0.6601343784994402,0.06425961440081211,0.5151515151515152,0.007262598794436878,0.7650130548302874,0.0012000000000000001,0.98989898989899,0.7838776928422516,0.98989898989899,0.0,0.018115942028985504,0.017543859649122806,0.9272151898734177,0.7729468599033816
871,0.12049861495844875,0.0016666666666666666,0.6657334826427772,0.70143609891339,0.4747474747474748,0.00284659939768973,0.7584856396866841,0.0012000000000000001,0.98989898989899,0.10910354412786659,0.98989898989899,0.0,0.018115942028985504,0.017543859649122806,0.9251054852320675,0.7777777777777778
872,0.12188365650969529,0.0016666666666666666,0.6825307950727884,0.6484415444593031,0.42424242424242425,0.00018380360349321107,0.751958224543081,0.0012000000000000001,1.0,0.10076441973592773,0.98989898989899,0.0,0.018115942028985504,0.017543859649122806,0.9208860759493671,0.7777777777777778
873,0.12603878116343492,0.0016666666666666666,0.6937290033594625,0.5699397048081699,0.393939393939394,0.0001885165164032934,0.7441253263707572,0.0016,1.0,0.1063238359972203,1.0,0.0,0.018115942028985504,0.017543859649122806,0.9177215189873418,0.7777777777777778
874,0.12742382271468145,0.0016666666666666666,0.6825307950727884,0.5460712465953825,0.3535353535353536,0.00016966486476296404,0.7375979112271541,0.0016,0.98989898989899,0.1111883252258513,0.98989898989899,0.0,0.018115942028985504,0.017543859649122806,0.9071729957805907,0.748792270531401
875,0.128808864265928,0.0016666666666666666,0.7374020156774916,0.5299980788326991,0.3535353535353536,0.020963036624046225,0.731070496083551,0.0016,1.0,0.1063238359972203,0.98989898989899,0.0,0.018115942028985504,0.017543859649122806,0.9040084388185654,0.748792270531401
876,0.13573407202216067,0.0016666666666666666,0.7547592385218366,0.45799998563209016,0.2828282828282829,0.0,0.7232375979112272,0.0016,0.9696969696969697,0.09937456567060458,0.9797979797979799,0.0,0.018115942028985504,0.017543859649122806,0.8987341772151899,0.7439613526570048
877,0.013850415512465374,0.0016666666666666666,0.770996640537514,0.3785902751169056,0.29292929292929293,0.024436453438776908,0.7154046997389034,0.0016,0.9797979797979799,0.0847810979847116,0.9797979797979799,0.0,0.021739130434782608,0.017543859649122806,0.8976793248945147,0.748792270531401
878,0.01662049861495845,0.0016666666666666666,0.7771556550951849,0.34568896213143335,0.2828282828282829,0.0,0.7075718015665797,0.0016,0.98989898989899,0.6872828353022934,0.9797979797979799,0.0,0.021739130434782608,0.017543859649122806,0.8955696202531646,0.7536231884057971
879,0.01662049861495845,0.0016666666666666666,0.7625979843225085,0.3415921367702969,0.26262626262626265,0.04712912910082335,0.699738903394256,0.0016,0.98989898989899,0.6789437109103544,0.9797979797979799,0.0,0.021739130434782608,0.017543859649122806,0.890295358649789,0.7584541062801932
880,0.31578947368421056,0.0011111111111111111,0.0,0.0,0.08080808080808081,0.00012724864857222305,0.46083550913838117,0.0012000000000000001,0.797979797979798,0.23905489923558026,0.08080808080808081,0.05148514851485149,0.21739130434782608,0.20350877192982456,0.7320675105485231,0.608695652173913
881,0.3268698060941828,0.0011111111111111111,0.0,0.7164639992809398,0.07070707070707072,0.00015552612603271705,0.45430809399477806,0.0012000000000000001,0.686868686868687,0.23905489923558026,0.07070707070707072,0.05346534653465346,0.21739130434782608,0.2070175438596491,0.7246835443037976,0.608695652173913
882,0.3518005540166205,0.0011111111111111111,0.4955207166853303,0.1551318857777642,0.797979797979798,0.0005749753750300448,0.4464751958224544,0.0012000000000000001,0.7777777777777778,0.27658095899930507,0.797979797979798,0.0712871287128713,0.22101449275362323,0.21052631578947364,0.7151898734177216,0.6038647342995169
883,0.3808864265927978,0.0011111111111111111,0.46416573348264284,0.806723780028857,0.8282828282828284,9.42582582016467e-06,0.4386422976501306,0.0012000000000000001,0.08080808080808081,0.21751216122307157,0.8282828282828284,0.09504950495049505,0.22463768115942032,0.21403508771929822,0.7056962025316456,0.6038647342995169
884,0.3988919667590028,0.0011111111111111111,0.4977603583426652,0.13374306935771305,0.7575757575757577,9.42582582016467e-06,0.43211488250652746,0.0012000000000000001,0.7575757575757577,0.21681723419041002,0.7575757575757577,0.11683168316831682,0.22826086956521743,0.2175438596491228,0.70042194092827,0.6038647342995169
885,0.40581717451523547,0.0011111111111111111,0.49496080627099664,0.014555848189358423,0.6767676767676768,4.712912910082335e-06,0.42428198433420367,0.0012000000000000001,0.686868686868687,0.23697011813759558,0.6767676767676768,0.13663366336633664,0.23188405797101452,0.22105263157894736,0.6962025316455697,0.6038647342995169
886,0.04155124653739612,0.0011111111111111111,0.48320268756998885,0.5239732857486733,0.797979797979798,0.0,0.41775456919060056,0.0012000000000000001,0.7474747474747475,0.2383599722029187,0.7676767676767677,0.15643564356435644,0.23913043478260873,0.2245614035087719,0.6877637130801688,0.5990338164251208
887,0.4113573407202216,0.0011111111111111111,0.48936170212765956,0.11072496519501247,0.8282828282828284,1.4138738730247004e-05,0.40992167101827676,0.0012000000000000001,0.8181818181818182,0.17651146629603892,0.8282828282828284,0.17425742574257427,0.24275362318840582,0.22807017543859645,0.6867088607594937,0.5990338164251208
888,0.40166204986149584,0.0011111111111111111,0.5044792833146697,0.5463405257585382,0.7575757575757577,0.0,0.40339425587467365,0.0012000000000000001,0.787878787878788,0.19874913134120917,0.8181818181818182,0.19603960396039605,0.2463768115942029,0.2350877192982456,0.680379746835443,0.5990338164251208
889,0.39750692520775627,0.0011111111111111111,0.44792833146696526,0.4060420297679171,0.5252525252525253,0.0004241621619074101,0.3968668407310705,0.0012000000000000001,0.4444444444444445,0.20013898540653233,0.4545454545454546,0.2099009900990099,0.25362318840579706,0.23859649122807017,0.6814345991561181,0.5990338164251208
890,0.04986149584487535,0.0011111111111111111,0.4316909294512878,0.3538276876163488,0.2828282828282829,0.0,0.03655352480417755,0.0012000000000000001,0.4444444444444445,0.19179986101459345,0.4545454545454546,0.21386138613861386,0.2572463768115942,0.24561403508771926,0.6751054852320675,0.5990338164251208
891,0.44459833795013853,0.0011111111111111111,0.4546472564389698,0.4442080934191406,0.0,0.00029691351333518707,0.03002610966057441,0.0012000000000000001,0.4444444444444445,0.226546212647672,0.4545454545454546,0.21782178217821782,0.2644927536231884,0.24912280701754386,0.6751054852320675,0.5942028985507246
892,0.04293628808864266,0.0011111111111111111,0.36170212765957444,0.035281457788763876,0.0,0.0,0.3759791122715405,0.0012000000000000001,0.4444444444444445,0.24183460736622656,0.4545454545454546,0.21584158415841584,0.2681159420289855,0.25614035087719295,0.6729957805907173,0.5942028985507246
893,0.43490304709141275,0.0011111111111111111,0.4664053751399776,0.22727904526683199,0.0,0.0005184204201090568,0.3681462140992167,0.0012000000000000001,0.4444444444444445,0.22376650451702573,0.4545454545454546,0.2099009900990099,0.2753623188405797,0.2596491228070175,0.6708860759493671,0.5942028985507246
894,0.04986149584487535,0.0011111111111111111,0.5195968645016797,0.18400171653101105,0.0,0.024172530315812294,0.3616187989556136,0.0012000000000000001,0.4444444444444445,0.22446143154968728,0.4545454545454546,0.198019801980198,0.2789855072463768,0.26666666666666666,0.6677215189873418,0.5942028985507246
895,0.40858725761772857,0.0011111111111111111,0.496080627099664,0.21853336999635448,0.0,7.069369365123502e-05,0.35378590078328986,0.0012000000000000001,0.4444444444444445,0.2008339124391939,0.4545454545454546,0.18613861386138614,0.286231884057971,0.2701754385964912,0.6719409282700421,0.5893719806763285
896,0.36149584487534625,0.0016666666666666666,0.0,0.0,0.9797979797979799,0.0003346168166158458,0.34334203655352485,0.002,0.9696969696969697,0.5100764419735928,0.9797979797979799,0.031683168316831684,0.2608695652173913,0.24912280701754386,0.4746835443037975,0.42995169082125606
897,0.3670360110803324,0.0016666666666666666,0.0,0.0,0.9696969696969697,4.712912910082335e-06,0.33550913838120106,0.002,0.9797979797979799,0.5100764419735928,0.9696969696969697,0.031683168316831684,0.2681159420289855,0.2526315789473684,0.47362869198312235,0.42995169082125606
898,0.3670360110803324,0.0016666666666666666,0.0,0.0,0.9797979797979799,0.0,0.3263707571801567,0.002,0.9696969696969697,0.45100764419735934,0.9797979797979799,0.0297029702970297,0.2717391304347826,0.2596491228070175,0.4694092827004219,0.42995169082125606
899,0.37119113573407203,0.0016666666666666666,0.0,0.0,0.98989898989899,0.0,0.3185378590078329,0.002,0.98989898989899,0.4252953439888812,0.98989898989899,0.025742574257425738,0.2789855072463768,0.26666666666666666,0.4641350210970464,0.42512077294685996
900,0.38227146814404434,0.0016666666666666666,0.19036954087346028,0.0,0.9696969696969697,0.0,0.31070496083550914,0.002,0.9595959595959597,0.43363446838082004,0.9696969696969697,0.033663366336633666,0.286231884057971,0.27368421052631575,0.4651898734177215,0.42028985507246375
901,0.3919667590027701,0.0016666666666666666,0.1942889137737962,0.0,0.9797979797979799,9.42582582016467e-06,0.30156657963446476,0.0024000000000000002,0.9797979797979799,0.3995830437804031,0.9797979797979799,0.039603960396039604,0.2934782608695652,0.2807017543859649,0.4630801687763713,0.42512077294685996
902,0.39473684210526316,0.0016666666666666666,0.1668533034714446,0.0,0.9797979797979799,0.0,0.293733681462141,0.0024000000000000002,0.9797979797979799,0.4065323141070188,0.98989898989899,0.05148514851485149,0.3007246376811594,0.28771929824561404,0.4578059071729958,0.42995169082125606
903,0.3961218836565097,0.0016666666666666666,0.15565509518477044,0.0,0.98989898989899,0.0,0.28459530026109664,0.0024000000000000002,0.9696969696969697,0.41348158443363453,0.9696969696969697,0.05742574257425742,0.3079710144927536,0.29473684210526313,0.44936708860759494,0.4154589371980676
904,0.39750692520775627,0.0016666666666666666,0.14725643896976487,0.0,0.9797979797979799,0.0,0.27676240208877284,0.0024000000000000002,0.9494949494949496,0.40027797081306465,0.9595959595959597,0.05940594059405941,0.31521739130434784,0.3017543859649122,0.4430379746835443,0.4057971014492754
905,0.39750692520775627,0.0016666666666666666,0.16349384098544234,0.0,0.9595959595959597,0.0,0.26762402088772846,0.0024000000000000002,0.9494949494949496,0.3835997220291869,0.9595959595959597,0.05742574257425742,0.322463768115942,0.30877192982456136,0.43776371308016876,0.3913043478260869
906,0.40581717451523547,0.0016666666666666666,0.125979843225084,0.0,0.9595959595959597,0.0,0.024804177545691905,0.0024000000000000002,0.9494949494949496,0.34537873523280055,0.9595959595959597,0.05742574257425742,0.3297101449275362,0.3157894736842105,0.4345991561181434,0.37681159420289856
907,0.40858725761772857,0.0016666666666666666,0.13997760358342665,0.0,0.9595959595959597,0.0,0.016971279373368148,0.0024000000000000002,0.888888888888889,0.30229325920778316,0.8787878787878789,0.05544554455445544,0.33695652173913043,0.32280701754385965,0.42616033755274263,0.36714975845410625
908,0.4099722991689751,0.0016666666666666666,0.13773796192609186,0.0,0.9494949494949496,0.0005608366362997979,0.24412532637075718,0.0024000000000000002,0.8787878787878789,0.29325920778318276,0.8787878787878789,0.05148514851485149,0.3442028985507246,0.3333333333333333,0.4166666666666667,0.3526570048309179
909,0.4113573407202216,0.0016666666666666666,0.11590145576707728,0.0,0.9292929292929294,0.00015081321312263471,0.23629242819843344,0.0024000000000000002,0.8686868686868687,0.260597637248089,0.8787878787878789,0.047524752475247525,0.35144927536231885,0.34035087719298246,0.41350210970464135,0.33816425120772947
910,0.0027700831024930752,0.0016666666666666666,0.12541993281075028,0.0,0.9191919191919192,0.00046657837809815114,0.22845953002610966,0.0024000000000000002,0.8585858585858587,0.25781792911744267,0.8787878787878789,0.04356435643564356,0.03260869565217391,0.031578947368421054,0.4050632911392405,0.32850241545893716
911,0.0443213296398892,0.0016666666666666666,0.12150055991041435,0.0,0.9191919191919192,0.0015835387377876645,0.22193211488250653,0.0024000000000000002,0.8484848484848485,0.250868658790827,0.08080808080808081,0.03762376237623762,0.03985507246376811,0.03859649122807018,0.39767932489451474,0.3140096618357488
912,0.1772853185595568,0.0005555555555555556,0.3426651735722284,0.0,0.9494949494949496,0.0020312654642454862,0.7206266318537861,0.0004,0.9191919191919192,0.5156358582348853,0.9494949494949496,0.0,0.09420289855072464,0.09473684210526315,0.810126582278481,0.6714975845410628
913,0.17174515235457066,0.0005555555555555556,0.3426651735722284,0.02218489690817187,0.9191919191919192,0.015024766357342484,0.7088772845953003,0.0004,0.9191919191919192,0.5156358582348853,0.9191919191919192,0.0,0.09420289855072464,0.09473684210526315,0.8006329113924051,0.6521739130434783
914,0.17590027700831026,0.0005555555555555556,0.3303471444568869,0.1806768554615661,0.9696969696969697,0.03710005042816814,0.6971279373368147,0.0004,0.9494949494949496,0.5038220986796387,0.9393939393939394,0.0,0.09420289855072464,0.09473684210526315,0.7964135021097046,0.6521739130434783
915,0.01662049861495845,0.0005555555555555556,0.4311310190369541,0.15851919009074372,0.9292929292929294,0.00014610030021255238,0.6866840731070497,0.0004,0.9393939393939394,0.595552466990966,0.9292929292929294,0.0,0.09057971014492754,0.09473684210526315,0.790084388185654,0.6473429951690821
916,0.17451523545706374,0.0005555555555555556,0.4552071668533035,0.0019927760693049645,0.8989898989898991,0.00030162642624526943,0.6762402088772846,0.0004,0.888888888888889,0.6518415566365533,0.9494949494949496,0.0,0.09057971014492754,0.09473684210526315,0.7827004219409283,0.6425120772946861
917,0.18144044321329642,0.0005555555555555556,0.4048152295632699,0.19449421920751456,0.9595959595959597,0.00010368408402181136,0.6657963446475197,0.0004,0.888888888888889,0.10423905489923559,0.9292929292929294,0.0,0.09057971014492754,0.09473684210526315,0.7784810126582279,0.6425120772946861
918,0.18282548476454294,0.0005555555555555556,0.3723404255319149,0.01856206132264052,0.5454545454545455,0.0001083969969318937,0.6566579634464753,0.0004,0.9393939393939394,0.08269631688672689,0.888888888888889,0.0,0.09057971014492754,0.09473684210526315,0.7742616033755274,0.6183574879227054
919,0.17590027700831026,0.0005555555555555556,0.4008958566629339,0.015201341879883609,0.8989898989898991,0.00026392312296461077,0.05874673629242821,0.0004,0.09090909090909091,0.6247394023627519,0.9292929292929294,0.0,0.09057971014492754,0.09473684210526315,0.7753164556962026,0.6328502415458936
920,0.015235457063711912,0.0005555555555555556,0.48376259798432253,0.010634016802420671,0.9494949494949496,0.00020736816804362273,0.6383812010443864,0.0004,0.888888888888889,0.5677553856845031,0.98989898989899,0.0,0.09420289855072464,0.09824561403508772,0.7616033755274262,0.6038647342995169
921,0.1731301939058172,0.0005555555555555556,0.34546472564389696,0.11029583825183356,0.8484848484848485,0.0015741129119675,0.6292428198433422,0.0004,0.8989898989898991,0.5830437804030577,0.888888888888889,0.0,0.09420289855072464,0.09824561403508772,0.7531645569620253,0.608695652173913
922,0.17590027700831026,0.0005555555555555556,0.2625979843225084,0.9460487064397282,0.797979797979798,0.006390709906071646,0.6214099216710184,0.0004,0.8282828282828284,0.5976372480889507,0.8282828282828284,0.0,0.09782608695652173,0.09824561403508772,0.7415611814345991,0.5893719806763285
923,0.1842105263157895,0.0005555555555555556,0.2088465845464726,0.7144354346535317,0.6464646464646465,0.03226931469533375,0.6148825065274153,0.0004,0.6666666666666667,0.5927727588603197,0.787878787878788,0.0,0.09782608695652173,0.10175438596491228,0.7320675105485231,0.5797101449275363
924,0.18144044321329642,0.0005555555555555556,0.1875699888017917,0.7065845275250576,0.48484848484848486,0.0010179891885777844,0.6070496083550915,0.0008,0.7474747474747475,0.5899930507296735,0.7575757575757577,0.0,0.10144927536231883,0.10175438596491228,0.7215189873417722,0.5700483091787439
925,0.1952908587257618,0.0011111111111111111,0.15173572228443452,0.6065828090792869,0.5151515151515152,0.0009378696691063846,0.6005221932114884,0.0008,0.8989898989898991,0.6059763724808895,0.8484848484848485,0.0,0.10144927536231883,0.10175438596491228,0.7141350210970464,0.5700483091787439
926,0.1662049861495845,0.0011111111111111111,0.1539753639417693,0.5719757540867126,0.6161616161616162,0.0001649519518528817,0.5939947780678853,0.0008,0.8383838383838385,0.5434329395413482,0.8787878787878789,0.0,0.10507246376811595,0.10526315789473684,0.709915611814346,0.5652173913043478
927,0.1772853185595568,0.0011111111111111111,0.18309070548712206,0.4789607970604012,0.5555555555555556,0.00023564564550411675,0.587467362924282,0.0008,0.8181818181818182,0.48227936066713,0.08080808080808081,0.0,0.10869565217391305,0.10526315789473684,0.0,0.5507246376811594
928,0.09279778393351801,0.0011111111111111111,0.6170212765957447,0.0,0.888888888888889,0.011612617410442873,0.8002610966057442,0.0012000000000000001,0.9494949494949496,0.7852675469075748,0.9595959595959597,0.0,0.036231884057971016,0.03508771929824562,0.9746835443037976,0.8260869565217391
929,0.09418282548476455,0.0011111111111111111,0.6170212765957447,0.9433129412934891,0.888888888888889,0.0020878204191664743,0.7950391644908618,0.0012000000000000001,0.9494949494949496,0.7852675469075748,0.9595959595959597,0.0,0.036231884057971016,0.03508771929824562,0.9704641350210971,0.821256038647343
930,0.09695290858725762,0.0011111111111111111,0.6119820828667414,0.8973587673408078,0.888888888888889,0.008346568763755814,0.7885117493472585,0.0012000000000000001,0.9494949494949496,0.7755385684503128,0.9595959595959597,0.0,0.036231884057971016,0.03508771929824562,0.9694092827004219,0.8164251207729468
931,0.09695290858725762,0.0011111111111111111,0.6254199328107504,0.008413016318304687,0.888888888888889,0.0007823435430736675,0.07702349869451698,0.0012000000000000001,0.9494949494949496,0.13829047949965254,0.9595959595959597,0.0,0.036231884057971016,0.03508771929824562,0.9662447257383967,0.8164251207729468
932,0.10110803324099724,0.0011111111111111111,0.6265397536394177,0.08712284318892843,0.888888888888889,0.007573651046502312,0.07049608355091386,0.0012000000000000001,0.9494949494949496,0.1341209173036831,0.9595959595959597,0.0,0.036231884057971016,0.03508771929824562,0.9620253164556962,0.8115942028985508
933,0.1038781163434903,0.0011111111111111111,0.6265397536394177,0.7596614474983207,0.888888888888889,0.003676072069864221,0.7689295039164492,0.0012000000000000001,0.9494949494949496,0.7817929117442669,0.9595959595959597,0.0,0.036231884057971016,0.03508771929824562,0.9567510548523207,0.8067632850241545
934,0.10803324099722991,0.0011111111111111111,0.6276595744680852,0.7653901075049931,0.888888888888889,0.0027052120103872603,0.7637075718015667,0.0012000000000000001,0.9595959595959597,0.7922168172341905,0.9696969696969697,0.0,0.036231884057971016,0.03508771929824562,0.9556962025316456,0.8067632850241545
935,0.009695290858725761,0.0011111111111111111,0.6354983202687571,0.8298959557396715,0.8787878787878789,0.004321741138545501,0.7571801566579636,0.0012000000000000001,0.9595959595959597,0.0965948575399583,0.9696969696969697,0.0,0.036231884057971016,0.03508771929824562,0.9525316455696202,0.8019323671497585
936,0.11218836565096953,0.0016666666666666666,0.643337066069429,0.7790412052796506,0.8686868686868687,0.002672221620016684,0.7506527415143605,0.0012000000000000001,0.9595959595959597,0.08200138985406533,0.9696969696969697,0.0,0.036231884057971016,0.03508771929824562,0.9472573839662447,0.8019323671497585
937,0.1149584487534626,0.0016666666666666666,0.6578947368421053,0.6418127115917864,0.8787878787878789,0.010872690083559946,0.7441253263707572,0.0012000000000000001,0.9494949494949496,0.09312022237665046,0.9696969696969697,0.0,0.036231884057971016,0.03508771929824562,0.9409282700421941,0.7971014492753623
938,0.11634349030470914,0.0016666666666666666,0.652855543113102,0.060228647418850215,0.09090909090909091,0.0036666462440440566,0.7389033942558748,0.0012000000000000001,0.9595959595959597,0.10562890896455873,0.9696969696969697,0.0,0.036231884057971016,0.03508771929824562,0.9324894514767933,0.7922705314009661
939,0.11772853185595568,0.0016666666666666666,0.6618141097424413,0.5852031759133968,0.888888888888889,0.0005702624621199625,0.7323759791122717,0.0012000000000000001,0.9696969696969697,0.09520500347463517,0.9696969696969697,0.0,0.036231884057971016,0.03508771929824562,0.9251054852320675,0.7922705314009661
940,0.0110803324099723,0.0016666666666666666,0.6668533034714447,0.5835787215467607,0.09090909090909091,0.003671359156954139,0.7258485639686685,0.0016,0.9696969696969697,0.11257817929117445,0.9797979797979799,0.0,0.036231884057971016,0.03508771929824562,0.919831223628692,0.7874396135265701
941,0.12465373961218836,0.0016666666666666666,0.685330347144457,0.4378284686936788,0.8787878787878789,0.021948035422253435,0.7193211488250654,0.0016,0.9797979797979799,0.09728978457261987,0.9393939393939394,0.0,0.03985507246376811,0.03508771929824562,0.9145569620253164,0.7874396135265701
942,0.12603878116343492,0.0016666666666666666,0.6970884658454648,0.40643443441213817,0.8686868686868687,0.028390587370335986,0.7127937336814623,0.0016,0.9696969696969697,0.07991660875608061,0.9393939393939394,0.0,0.03985507246376811,0.03508771929824562,0.9071729957805907,0.7826086956521738
943,0.13019390581717452,0.0016666666666666666,0.7222844344904816,0.4245546014229506,0.8484848484848485,0.0,0.7062663185378592,0.0016,0.9494949494949496,0.07644197359277277,0.09090909090909091,0.0,0.03985507246376811,0.03859649122807018,0.9018987341772152,0.7826086956521738
944,0.34349030470914127,0.020555555555555556,0.0,0.0,0.888888888888889,0.0001083969969318937,0.360313315926893,0.020800000000000003,0.888888888888889,0.24739402362751914,0.888888888888889,0.01188118811881188,0.22101449275362323,0.21052631578947364,0.6065400843881856,0.5507246376811594
945,0.3490304709141274,0.020555555555555556,0.0,0.9783939980815035,0.98989898989899,0.0005844012008502095,0.35248041775456923,0.0216,0.9393939393939394,0.24739402362751914,0.98989898989899,0.013861386138613862,0.22826086956521743,0.2175438596491228,0.6075949367088607,0.5652173913043478
946,0.350415512465374,0.021111111111111112,0.0,0.2871636589629187,0.09090909090909091,0.0015034192183162648,0.34334203655352485,0.022000000000000002,0.9191919191919192,0.32175121612230717,0.09090909090909091,0.015841584158415842,0.2355072463768116,0.22105263157894736,0.6012658227848101,0.5555555555555556
947,0.3545706371191136,0.021666666666666667,0.0,0.015215050702114881,0.9292929292929294,0.007601928523962806,0.33550913838120106,0.0224,0.9191919191919192,0.33287004864489234,0.9292929292929294,0.015841584158415842,0.23913043478260873,0.22807017543859645,0.5938818565400843,0.5410628019323671
948,0.36288088642659283,0.022222222222222223,0.09126539753639418,0.2255942218795339,0.9191919191919192,0.0005655495492098802,0.3276762402088773,0.023200000000000002,0.9191919191919192,0.33425990271021544,0.9191919191919192,0.023762376237623763,0.2463768115942029,0.2350877192982456,0.5843881856540085,0.5265700483091788
949,0.368421052631579,0.022222222222222223,0.09406494960806272,0.19630640647005548,0.9494949494949496,0.0030209771753627766,0.31984334203655357,0.0236,0.9494949494949496,0.37039610840861714,0.9494949494949496,0.03564356435643564,0.25362318840579706,0.2421052631578947,0.5770042194092827,0.5072463768115942
950,0.37396121883656513,0.02277777777777778,0.09798432250839867,0.3077368759848395,0.9494949494949496,0.0004760042039183158,0.31201044386422977,0.024,0.9494949494949496,0.359277275886032,0.9494949494949496,0.039603960396039604,0.2608695652173913,0.24912280701754386,0.5717299578059072,0.5024154589371981
951,0.3795013850415513,0.02277777777777778,0.09910414333706608,0.16127678165483056,0.9393939393939394,0.00038645885862675146,0.3028720626631854,0.0244,0.9292929292929294,0.3370396108408617,0.9393939393939394,0.041584158415841586,0.2681159420289855,0.25614035087719295,0.559071729957806,0.4734299516908213
952,0.037396121883656507,0.02277777777777778,0.06942889137737962,0.3186632193831763,0.9494949494949496,2.8277477460494007e-05,0.29503916449086165,0.0244,0.9494949494949496,0.3683113273106324,0.9494949494949496,0.04950495049504951,0.2753623188405797,0.2631578947368421,0.5474683544303798,0.43961352657004826
953,0.39750692520775627,0.02277777777777778,0.09462486002239642,0.12923960696614145,0.8484848484848485,0.0019794234222345808,0.28720626631853785,0.024800000000000003,0.8484848484848485,0.3224461431549687,0.8484848484848485,0.05544554455445544,0.28260869565217395,0.27368421052631575,0.5379746835443038,0.42028985507246375
954,0.40858725761772857,0.02277777777777778,0.0834266517357223,0.7884134184599167,0.8484848484848485,0.0020501171158858154,0.2793733681462141,0.024800000000000003,0.8585858585858587,0.3134120917303683,0.8484848484848485,0.05940594059405941,0.28985507246376807,0.2807017543859649,0.5263713080168776,0.3913043478260869
955,0.045706371191135735,0.02277777777777778,0.08118701007838747,0.5332575767401745,0.08080808080808081,0.0002827747746049401,0.27154046997389036,0.024800000000000003,0.8181818181818182,0.27519110493398197,0.08080808080808081,0.061386138613861385,0.3007246376811594,0.28771929824561404,0.5179324894514767,0.3719806763285024
956,0.05124653739612188,0.02277777777777778,0.08510638297872342,0.31145749984009435,0.08080808080808081,0.009138338132649648,0.26370757180156656,0.0252,0.08080808080808081,0.21681723419041002,0.08080808080808081,0.06534653465346535,0.3079710144927536,0.29473684210526313,0.5158227848101266,0.3816425120772947
957,0.04155124653739612,0.023333333333333334,0.08902575587905937,0.334195284320629,0.08080808080808081,0.05791698675200181,0.022193211488250653,0.0252,0.08080808080808081,0.2571230020847811,0.787878787878788,0.06732673267326733,0.31521739130434784,0.30526315789473685,0.510548523206751,0.36714975845410625
958,0.05263157894736842,0.023333333333333334,0.08286674132138859,0.25602061276067667,0.0,0.06351121437626954,0.014360313315926894,0.0256,0.8181818181818182,0.24739402362751914,0.797979797979798,0.06732673267326733,0.322463768115942,0.31228070175438594,0.5116033755274262,0.3864734299516908
959,0.05124653739612188,0.02388888888888889,0.08902575587905937,0.20688468739740823,0.0,0.1087174750097793,0.2415143603133159,0.026000000000000002,0.888888888888889,0.20847810979847117,0.888888888888889,0.06930693069306931,0.3297101449275362,0.319298245614035,0.5063291139240507,0.3719806763285024
960,0.09833795013850416,0.0,0.4210526315789474,0.0,0.9696969696969697,4.712912910082335e-06,0.8550913838120106,0.0,1.0,0.6115357887421822,1.0,0.0,0.025362318840579712,0.021052631578947364,0.9124472573839663,0.8309178743961352
961,0.0997229916897507,0.0,0.4210526315789474,0.21666187576574544,0.9696969696969697,4.712912910082335e-06,0.8485639686684074,0.0,1.0,0.6115357887421822,1.0,0.0,0.025362318840579712,0.021052631578947364,0.9092827004219409,0.8309178743961352
962,0.10110803324099724,0.0,0.4171332586786114,0.21867154931919594,0.98989898989899,1.4138738730247004e-05,0.8407310704960838,0.0,1.0,0.6435024322446143,1.0,0.0,0.025362318840579712,0.021052631578947364,0.9071729957805907,0.8260869565217391
963,0.1038781163434903,0.0,0.4585666293393057,0.25331731649442424,0.98989898989899,1.4138738730247004e-05,0.8342036553524806,0.0,1.0,0.6421125781792912,1.0,0.0,0.025362318840579712,0.021052631578947364,0.9050632911392404,0.8115942028985508
964,0.1038781163434903,0.0,0.448488241881299,0.3198164959144572,0.9595959595959597,0.0001885165164032934,0.8263707571801567,0.0,1.0,0.6789437109103544,1.0,0.0,0.025362318840579712,0.021052631578947364,0.9071729957805907,0.8067632850241545
965,0.1038781163434903,0.0,0.5033594624860023,0.3195026856663234,0.9595959595959597,0.0007022240236022679,0.818537859007833,0.0,1.0,0.6379430159833218,1.0,0.0,0.025362318840579712,0.021052631578947364,0.9061181434599156,0.7922705314009661
966,0.10664819944598337,0.0,0.507838745800672,0.37330143439786634,0.9595959595959597,9.42582582016467e-06,0.8107049608355092,0.0,1.0,0.6782487838776928,1.0,0.0,0.025362318840579712,0.021052631578947364,0.9040084388185654,0.7826086956521738
967,0.10526315789473684,0.0,0.5319148936170214,0.03688974697970615,0.9595959595959597,4.712912910082335e-06,0.8015665796344649,0.0,1.0,0.6782487838776928,1.0,0.0,0.025362318840579712,0.021052631578947364,0.8997890295358649,0.7681159420289855
968,0.009695290858725761,0.0,0.5408734602463606,0.3638246938270123,0.9595959595959597,9.42582582016467e-06,0.7937336814621411,0.0,1.0,0.6539263377345379,1.0,0.0,0.025362318840579712,0.021052631578947364,0.9018987341772152,0.7922705314009661
969,0.10526315789473684,0.0,0.526875699888018,0.3191072520236639,0.9494949494949496,0.0,0.7859007832898174,0.0004,0.98989898989899,0.6490618485059069,0.98989898989899,0.0,0.025362318840579712,0.021052631578947364,0.8966244725738396,0.7874396135265701
970,0.11080332409972299,0.0,0.5565509518477044,0.2789742984202791,0.9393939393939394,0.0005749753750300448,0.07180156657963448,0.0004,0.9696969696969697,0.65045170257123,0.9696969696969697,0.0,0.025362318840579712,0.021052631578947364,0.8850210970464135,0.7536231884057971
971,0.11080332409972299,0.0,0.5347144456886899,0.2880878530634949,0.9292929292929294,4.712912910082335e-06,0.7689295039164492,0.0004,0.9595959595959597,0.5767894371091036,0.9595959595959597,0.0,0.025362318840579712,0.02456140350877193,0.8755274261603375,0.7391304347826088
972,0.11080332409972299,0.0,0.5291153415453529,0.212843384810682,0.9292929292929294,0.0,0.7597911227154048,0.0004,0.9393939393939394,0.5983321751216122,0.9494949494949496,0.0,0.025362318840579712,0.02456140350877193,0.8681434599156118,0.7342995169082125
973,0.11080332409972299,0.0005555555555555556,0.45240761478163494,0.161155664788371,0.9191919191919192,2.3564564550411675e-05,0.751958224543081,0.0004,0.9292929292929294,0.6059763724808895,0.9292929292929294,0.0,0.025362318840579712,0.02456140350877193,0.8554852320675106,0.7053140096618358
974,0.11357340720221606,0.0005555555555555556,0.48208286674132134,0.14053412983243224,0.09090909090909091,5.6554954920988015e-05,0.7441253263707572,0.0004,0.09090909090909091,0.5886031966643503,0.9191919191919192,0.0,0.02898550724637681,0.02456140350877193,0.8449367088607596,0.6859903381642511
975,0.1149584487534626,0.0005555555555555556,0.47424412094064955,0.12238430968816429,0.8989898989898991,0.00026392312296461077,0.7362924281984335,0.0004,0.8989898989898991,0.5281445448227936,0.8989898989898991,0.0,0.02898550724637681,0.02456140350877193,0.8375527426160337,0.6714975845410628
976,0.1952908587257618,0.0,0.4708846584546473,0.0,0.9292929292929294,0.0,0.6187989556135771,0.0,1.0,0.42390548992355803,0.9292929292929294,0.0,0.13405797101449277,0.12982456140350876,0.7921940928270043,0.7632850241545894
977,0.19667590027700832,0.0,0.4708846584546473,0.7905810745153179,0.9797979797979799,0.0,0.6057441253263708,0.0,0.8181818181818182,0.42390548992355803,0.9797979797979799,0.0,0.13405797101449277,0.12982456140350876,0.790084388185654,0.7632850241545894
978,0.19806094182825487,0.0,0.46136618141097424,0.7817359449258104,0.9797979797979799,0.0,0.5939947780678853,0.0,0.98989898989899,0.4273801250868659,0.9797979797979799,0.0,0.13405797101449277,0.12982456140350876,0.7869198312236287,0.7632850241545894
979,0.20083102493074795,0.0,0.45128779395296753,0.8674314092611488,0.9797979797979799,0.0,0.5822454308093996,0.0,0.98989898989899,0.4419735927727589,0.9797979797979799,0.0,0.13405797101449277,0.12982456140350876,0.7848101265822784,0.7632850241545894
980,0.019390581717451522,0.0,0.4384098544232923,0.11586275945792995,0.9494949494949496,0.0,0.570496083550914,0.0,0.9595959595959597,0.4412786657400973,0.9595959595959597,0.0,0.13405797101449277,0.12982456140350876,0.7816455696202531,0.7632850241545894
981,0.21191135734072022,0.0,0.4423292273236282,0.14608126238338687,0.9797979797979799,0.0,0.5600522193211489,0.0,0.9494949494949496,0.44544822793606675,0.9797979797979799,0.0,0.13405797101449277,0.12982456140350876,0.0,0.7632850241545894
982,0.21745152354570638,0.0,0.4708846584546473,0.14668050024276616,1.0,0.0,0.549608355091384,0.0,1.0,0.43363446838082004,1.0,0.0,0.13405797101449277,0.12982456140350876,0.0,0.7536231884057971
983,0.22299168975069253,0.0,0.4988801791713326,0.756207602981022,1.0,0.0,0.5404699738903395,0.0,1.0,0.40027797081306465,1.0,0.0,0.13405797101449277,0.1333333333333333,0.0,0.7439613526570048
984,0.2257617728531856,0.0,0.5067189249720045,0.9535110713978164,0.9696969696969697,0.0,0.5326370757180158,0.0,0.9696969696969697,0.4086170952050035,0.9696969696969697,0.0,0.13768115942028986,0.1333333333333333,0.0,0.7391304347826088
985,0.22991689750692523,0.0,0.5067189249720045,0.6633610438440823,0.9191919191919192,0.0,0.5234986945169714,0.0,0.9191919191919192,0.4162612925642808,0.9191919191919192,0.0,0.13768115942028986,0.1333333333333333,0.0,0.7294685990338164
986,0.2326869806094183,0.0,0.49216125419932816,0.1197524843629085,1.0,0.0,0.04569190600522193,0.0,1.0,0.3822098679638638,1.0,0.0,0.13768115942028986,0.13684210526315788,0.0,0.7198067632850241
987,0.257617728531856,0.0,0.47144456886898095,0.010113276178795195,0.8383838383838385,0.0,0.5078328981723238,0.0,0.8484848484848485,0.364141765114663,0.8383838383838385,0.0,0.14130434782608697,0.13684210526315788,0.0,0.7149758454106281
988,0.23822714681440443,0.0,0.5453527435610303,0.07807427067891042,0.9797979797979799,0.0,0.5013054830287207,0.0,0.98989898989899,0.40931202223766505,0.9797979797979799,0.0,0.14130434782608697,0.14035087719298242,0.0,0.7053140096618358
989,0.24238227146814406,0.0,0.5991041433370662,0.5141950629733628,0.98989898989899,0.0,0.49347258485639683,0.0,0.98989898989899,0.46351633078526755,0.98989898989899,0.0,0.14492753623188406,0.14035087719298242,0.0,0.6956521739130435
990,0.24515235457063714,0.0,0.5375139977603584,0.8124763398749275,0.9696969696969697,0.0,0.48563968668407315,0.0,0.9696969696969697,0.5330090340514246,0.9696969696969697,0.0,0.14855072463768118,0.143859649122807,0.0,0.6908212560386474
991,0.25069252077562326,0.0,0.5257558790593506,0.6776636650595292,0.0,0.0,0.47911227154047004,0.0,0.9797979797979799,0.46004169562195973,0.9797979797979799,0.0,0.15217391304347827,0.143859649122807,0.0,0.6811594202898551
992,0.2562326869806094,0.005555555555555556,0.10470324748040313,0.0,0.7474747474747475,0.0,0.06005221932114883,0.0048000000000000004,0.09090909090909091,0.4308547602501738,0.7474747474747475,0.005940594059405941,0.03985507246376811,0.03859649122807018,0.6719409282700421,0.5169082125603864
993,0.257617728531856,0.005555555555555556,0.10470324748040313,0.6586151231490064,0.7373737373737375,0.0,0.6383812010443864,0.005200000000000001,0.6565656565656566,0.4308547602501738,0.7373737373737375,0.005940594059405941,0.03985507246376811,0.03859649122807018,0.6476793248945147,0.5169082125603864
994,0.26038781163434904,0.006111111111111111,0.10750279955207168,0.5831092022483151,0.8585858585858587,0.0,0.6305483028720628,0.005200000000000001,0.8484848484848485,0.43780403057678946,0.8585858585858587,0.005940594059405941,0.03985507246376811,0.03859649122807018,0.6445147679324894,0.5169082125603864
995,0.26038781163434904,0.006111111111111111,0.11254199328107505,0.48551999191160455,0.9696969696969697,0.0,0.6214099216710184,0.005200000000000001,0.9494949494949496,0.43988881167477417,0.9696969696969697,0.005940594059405941,0.03985507246376811,0.03859649122807018,0.6497890295358649,0.5120772946859903
996,0.2659279778393352,0.006111111111111111,0.12038073908174694,0.45853125052280963,0.888888888888889,0.0,0.612271540469974,0.0056,0.888888888888889,0.43641417651146636,0.888888888888889,0.005940594059405941,0.03985507246376811,0.03859649122807018,0.6424050632911392,0.5072463768115942
997,0.2700831024930748,0.006666666666666666,0.11926091825307952,0.4440576070873332,0.9494949494949496,0.0,0.6031331592689296,0.0056,0.9494949494949496,0.46143154968728284,0.9494949494949496,0.005940594059405941,0.043478260869565216,0.042105263157894736,0.6350210970464135,0.5072463768115942
998,0.27285318559556787,0.006666666666666666,0.11926091825307952,0.446178618870585,0.9292929292929294,0.0,0.5939947780678853,0.006,0.9292929292929294,0.47185545517720645,0.9292929292929294,0.005940594059405941,0.043478260869565216,0.042105263157894736,0.6286919831223629,0.5024154589371981
999,0.02493074792243767,0.007222222222222222,0.12318029115341546,0.4730040483628886,0.9595959595959597,0.0,0.5861618798955615,0.006,0.9696969696969697,0.46212647671994445,0.9595959595959597,0.005940594059405941,0.043478260869565216,0.042105263157894736,0.6213080168776371,0.5024154589371981
1000,0.26454293628808867,0.007222222222222222,0.13381858902575589,0.3815929457092039,0.8585858585858587,0.0,0.5770234986945171,0.0064,0.8585858585858587,0.4767199444058374,0.8585858585858587,0.005940594059405941,0.043478260869565216,0.042105263157894736,0.609704641350211,0.48792270531400966
1001,0.03185595567867036,0.0077777777777777776,0.13269876819708848,0.35260635868533136,0.8989898989898991,0.0,0.5678851174934727,0.0068000000000000005,0.09090909090909091,0.5350938151494093,0.8989898989898991,0.005940594059405941,0.04710144927536231,0.045614035087719294,0.6012658227848101,0.4734299516908213
1002,0.037396121883656507,0.0077777777777777776,0.13101903695408737,0.41577066641644417,0.8787878787878789,0.0,0.5587467362924282,0.007200000000000001,0.8787878787878789,0.47185545517720645,0.8787878787878789,0.005940594059405941,0.04710144927536231,0.045614035087719294,0.5981012658227848,0.46376811594202894
1003,0.027700831024930747,0.008333333333333333,0.13381858902575589,0.288878331406984,0.0,0.0,0.549608355091384,0.007200000000000001,0.888888888888889,0.47046560111188324,0.8787878787878789,0.005940594059405941,0.04710144927536231,0.045614035087719294,0.5949367088607594,0.44927536231884063
1004,0.03185595567867036,0.008333333333333333,0.13661814109742443,0.2497384119036051,0.0,0.0,0.5404699738903395,0.0076,0.8484848484848485,0.47810979847116053,0.8484848484848485,0.005940594059405941,0.04710144927536231,0.045614035087719294,0.5907172995780591,0.43478260869565216
1005,0.027700831024930747,0.008888888888888889,0.13437849944008962,0.25292146155654543,0.0,0.0,0.5313315926892952,0.008,0.8282828282828284,0.46629603891591387,0.8282828282828284,0.0039603960396039604,0.050724637681159424,0.04912280701754386,0.5833333333333334,0.42512077294685996
1006,0.29085872576177285,0.008888888888888889,0.14109742441209405,0.22543400569156558,0.0,0.0,0.5234986945169714,0.008,0.787878787878788,0.4697706740792217,0.7777777777777778,0.0039603960396039604,0.050724637681159424,0.04912280701754386,0.5759493670886077,0.4106280193236715
1007,0.30470914127423826,0.009444444444444445,0.14669652855543114,0.2391315945856404,0.0,0.0,0.04438642297650131,0.008400000000000001,0.08080808080808081,0.36483669214732456,0.8181818181818182,0.0019801980198019802,0.05434782608695653,0.052631578947368425,0.5685654008438819,0.3961352657004831
1008,0.3919667590027701,0.014444444444444444,0.0,0.0,0.5454545454545455,0.0011452378371500074,0.29112271540469975,0.016,0.42424242424242425,0.3919388464211258,0.5454545454545455,0.007920792079207921,0.2608695652173913,0.2526315789473684,0.43670886075949367,0.42512077294685996
1009,0.41274238227146814,0.015,0.0,0.5066336927372499,0.5151515151515152,0.0008247597592644086,0.283289817232376,0.0164,0.42424242424242425,0.3919388464211258,0.5151515151515152,0.007920792079207921,0.2681159420289855,0.25614035087719295,0.4345991561181434,0.4154589371980676
1010,0.3919667590027701,0.015,0.0,0.5149165976463447,0.6363636363636365,0.00024978438423436375,0.27676240208877284,0.0164,0.6363636363636365,0.38151494093120225,0.6363636363636365,0.017821782178217824,0.2753623188405797,0.2631578947368421,0.42827004219409287,0.4106280193236715
1011,0.39750692520775627,0.015555555555555555,0.0,0.4352112697047315,0.6262626262626263,2.8277477460494007e-05,0.27023498694516973,0.016800000000000002,0.6363636363636365,0.3745656706045865,0.6262626262626263,0.03564356435643564,0.2789855072463768,0.2701754385964912,0.4177215189873418,0.4106280193236715
1012,0.038781163434903045,0.015555555555555555,0.01175811870100784,0.04232463430413798,0.6363636363636365,5.184204201090568e-05,0.26370757180156656,0.0172,0.6363636363636365,0.3287004864489229,0.6363636363636365,0.03762376237623762,0.286231884057971,0.2771929824561403,0.4061181434599156,0.4057971014492754
1013,0.40166204986149584,0.01611111111111111,0.010638297872340427,0.2979651054569961,0.6464646464646465,0.00021208108095370506,0.02349869451697128,0.0176,0.6262626262626263,0.3161917998610146,0.6464646464646465,0.041584158415841586,0.2934782608695652,0.2842105263157894,0.4008438818565401,0.40096618357487923
1014,0.4099722991689751,0.01611111111111111,0.009518477043673012,0.2488870684207613,0.5757575757575758,0.0012442090082617364,0.016971279373368148,0.0184,0.06060606060606061,0.2675469075747047,0.5757575757575758,0.04356435643564356,0.3007246376811594,0.29122807017543856,0.39662447257383965,0.3913043478260869
1015,0.0443213296398892,0.016666666666666666,0.011198208286674132,0.19717640523775895,0.5757575757575758,0.0004194492489973278,0.2454308093994778,0.0188,0.595959595959596,0.22307157748436415,0.06060606060606061,0.04356435643564356,0.3079710144927536,0.2982456140350877,0.39135021097046413,0.3816425120772947
1016,0.04847645429362881,0.017222222222222222,0.01007838745800672,0.1401940207861506,0.5757575757575758,1.4138738730247004e-05,0.24020887728459528,0.019200000000000002,0.4646464646464647,0.2640722724113968,0.6363636363636365,0.04554455445544554,0.31884057971014496,0.30526315789473685,0.38396624472573837,0.36714975845410625
1017,0.43767313019390586,0.017222222222222222,0.0083986562150056,0.010401097540195452,0.0,1.885165164032934e-05,0.2349869451697128,0.0196,0.5353535353535354,0.2223766504517026,0.5757575757575758,0.04950495049504951,0.32608695652173914,0.3157894736842105,0.3755274261603375,0.3429951690821256
1018,0.4515235457063712,0.017777777777777778,0.011198208286674132,0.11014836469168723,0.0,0.00046657837809815114,0.22845953002610966,0.0204,0.595959595959596,0.1959694232105629,0.595959595959596,0.05148514851485149,0.33333333333333337,0.32280701754385965,0.3649789029535865,0.3188405797101449
1019,0.461218836565097,0.018333333333333333,0.01847704367301232,0.18961402603665695,0.0,4.712912910082335e-05,0.2232375979112272,0.0212,0.6565656565656566,0.21820708825573318,0.06060606060606061,0.05346534653465346,0.34057971014492755,0.32982456140350874,0.3428270042194093,0.24637681159420288
1020,0.46675900277008314,0.01888888888888889,0.009518477043673012,0.023991998177832267,0.0,0.01176814353647559,0.21801566579634465,0.022000000000000002,0.6161616161616162,0.23974982626824187,0.5757575757575758,0.05544554455445544,0.34782608695652173,0.33684210526315783,0.3565400843881857,0.28502415458937197
1021,0.46537396121883656,0.019444444444444445,0.011198208286674132,0.021373088165362347,0.0,0.010137475669587103,0.21279373368146215,0.0224,0.5656565656565657,0.26129256428075054,0.5353535353535354,0.05742574257425742,0.35507246376811596,0.343859649122807,0.34704641350210974,0.26570048309178745
1022,0.46398891966759004,0.02,0.008958566629339308,0.19930798996843677,0.0,0.034913258837889934,0.20757180156657962,0.023200000000000002,0.5252525252525253,0.25364836692147325,0.05050505050505051,0.05742574257425742,0.036231884057971016,0.03508771929824562,0.339662447257384,0.24637681159420288
1023,0.45290858725761773,0.020555555555555556,0.008958566629339308,0.2219648989886831,0.0,0.053227638406469886,0.20365535248041777,0.024,0.4747474747474748,0.24044475330090342,0.4646464646464647,0.05742574257425742,0.043478260869565216,0.042105263157894736,0.3333333333333333,0.23188405797101447
1024,0.3795013850415513,0.0022222222222222222,0.0,0.0,0.8787878787878789,0.0007210756752425972,0.3302872062663186,0.0024000000000000002,0.8787878787878789,0.38846421125781794,0.8787878787878789,0.061386138613861385,0.25362318840579706,0.2421052631578947,0.44409282700421937,0.4444444444444444
1025,0.389196675900277,0.0022222222222222222,0.0,0.5014328163765638,0.8787878787878789,4.712912910082335e-06,0.3211488250652742,0.0024000000000000002,0.8787878787878789,0.38846421125781794,0.8787878787878789,0.06534653465346535,0.2608695652173913,0.24561403508771926,0.4419831223628692,0.4444444444444444
1026,0.3850415512465374,0.0022222222222222222,0.0,0.08214192440115135,0.8787878787878789,0.0,0.3133159268929504,0.0024000000000000002,0.8787878787878789,0.4266851980542043,0.8787878787878789,0.08712871287128712,0.2681159420289855,0.2526315789473684,0.43776371308016876,0.43961352657004826
1027,0.39335180055401664,0.0022222222222222222,0.0,9.500942068046072e-11,0.8787878787878789,0.0,0.304177545691906,0.0024000000000000002,0.8787878787878789,0.4141765114662961,0.8787878787878789,0.10297029702970296,0.2753623188405797,0.2596491228070175,0.43881856540084385,0.43961352657004826
1028,0.3988919667590028,0.0022222222222222222,0.19932810750279956,0.40520540377179776,0.8686868686868687,0.0,0.2963446475195822,0.0028,0.8585858585858587,0.37943015983321754,0.8686868686868687,0.11089108910891089,0.2789855072463768,0.26666666666666666,0.43248945147679324,0.43478260869565216
1029,0.3961218836565097,0.0022222222222222222,0.17917133258678614,0.5339594067966948,0.8383838383838385,0.0001225357356621407,0.28851174934725854,0.0028,0.8282828282828284,0.4656011118832523,0.8383838383838385,0.11485148514851486,0.286231884057971,0.27368421052631575,0.4272151898734177,0.42995169082125606
1030,0.39750692520775627,0.0022222222222222222,0.1422172452407615,0.47207594400963254,0.08080808080808081,0.0,0.28067885117493474,0.0028,0.787878787878788,0.47324530924252955,0.08080808080808081,0.11683168316831682,0.29710144927536236,0.2807017543859649,0.4229957805907173,0.42995169082125606
1031,0.4099722991689751,0.002777777777777778,0.14725643896976487,0.28348692142865567,0.0,5.6554954920988015e-05,0.27284595300261094,0.0028,0.7777777777777778,0.4517025712300209,0.7777777777777778,0.11683168316831682,0.30434782608695654,0.29122807017543856,0.419831223628692,0.42512077294685996
1032,0.04293628808864266,0.002777777777777778,0.16629339305711088,0.31120681145535023,0.0,4.712912910082335e-06,0.26501305483028725,0.0028,0.7676767676767677,0.42390548992355803,0.7474747474747475,0.11089108910891089,0.3115942028985507,0.2982456140350877,0.4156118143459916,0.42512077294685996
1033,0.04847645429362881,0.002777777777777778,0.17973124300111984,0.21569342984102585,0.0,0.0,0.022193211488250653,0.0032,0.7474747474747475,0.40792216817234195,0.7171717171717172,0.1089108910891089,0.31884057971014496,0.30526315789473685,0.4092827004219409,0.40096618357487923
1034,0.04986149584487535,0.002777777777777778,0.17301231802911535,0.22134105432327308,0.0,0.0,0.014360313315926894,0.0032,0.7373737373737375,0.39749826268241834,0.686868686868687,0.10495049504950496,0.3297101449275362,0.31228070175438594,0.0,0.3864734299516908
1035,0.05124653739612188,0.002777777777777778,0.14389697648376262,0.1355235959740107,0.0,0.016617730920950313,0.2428198433420366,0.0032,0.696969696969697,0.37595552466990967,0.6464646464646465,0.09702970297029703,0.33695652173913043,0.32280701754385965,0.0,0.3719806763285024
1036,0.05124653739612188,0.002777777777777778,0.12038073908174694,0.25312925485603005,0.0,0.0054575531498753434,0.2349869451697128,0.0032,0.6565656565656566,0.39054899235580265,0.06060606060606061,0.0891089108910891,0.3442028985507246,0.32982456140350874,0.0,0.35748792270531404
1037,0.04709141274238227,0.002777777777777778,0.13773796192609186,0.24698374686886262,0.0,0.0014044480472045358,0.22845953002610966,0.0032,0.6161616161616162,0.4058373870743572,0.5757575757575758,0.0792079207920792,0.35144927536231885,0.33684210526315783,0.0,0.3429951690821256
1038,0.04293628808864266,0.002777777777777778,0.1422172452407615,8.70144386002073e-11,0.0,0.0005938270266703741,0.2206266318537859,0.0036000000000000003,0.5656565656565657,0.3752605976372481,0.5353535353535354,0.06930693069306931,0.03260869565217391,0.031578947368421054,0.0,0.32367149758454106
1039,0.0027700831024930752,0.002777777777777778,0.15845464725643899,0.6710492368625293,0.0,0.0,0.21409921671018275,0.0036000000000000003,0.5252525252525253,0.3432939541348159,0.494949494949495,0.05940594059405941,0.03985507246376811,0.03859649122807018,0.0,0.3091787439613527
1040,0.296398891966759,0.0,0.4272116461366181,0.0,0.9595959595959597,0.0,0.5966057441253265,0.0004,0.9292929292929294,0.36483669214732456,0.9595959595959597,0.0039603960396039604,0.1956521739130435,0.18245614035087718,0.6729957805907173,0.497584541062802
1041,0.2991689750692521,0.0,0.4272116461366181,0.41481385829637274,0.98989898989899,0.0,0.5861618798955615,0.0004,0.9797979797979799,0.36483669214732456,0.98989898989899,0.0039603960396039604,0.1956521739130435,0.18245614035087718,0.6708860759493671,0.497584541062802
1042,0.30055401662049863,0.0,0.4227323628219485,0.346476179093006,0.98989898989899,0.0,0.5744125326370758,0.0004,0.98989898989899,0.35441278665740095,0.98989898989899,0.0039603960396039604,0.1956521739130435,0.18245614035087718,0.6677215189873418,0.497584541062802
1043,0.029085872576177285,0.0,0.4232922732362822,0.4982942290952112,0.9797979797979799,0.0,0.5626631853785902,0.0004,0.9797979797979799,0.45656706045865186,0.9797979797979799,0.0039603960396039604,0.19927536231884058,0.18245614035087718,0.6645569620253164,0.5120772946859903
1044,0.31578947368421056,0.0,0.4227323628219485,0.5371196044393598,0.9393939393939394,0.0,0.5509138381201045,0.0004,0.9393939393939394,0.472550382209868,0.9393939393939394,0.005940594059405941,0.19927536231884058,0.18245614035087718,0.6582278481012658,0.497584541062802
1045,0.30470914127423826,0.0,0.4204927211646136,0.48107981966111363,0.9595959595959597,0.0,0.5404699738903395,0.0004,0.9595959595959597,0.4586518415566366,0.9595959595959597,0.005940594059405941,0.19927536231884058,0.18245614035087718,0.6518987341772152,0.49275362318840576
1046,0.30055401662049863,0.0,0.41881298992161253,0.467440738215744,0.98989898989899,0.0,0.5300261096605745,0.0004,0.9797979797979799,0.5086865879082697,0.98989898989899,0.0039603960396039604,0.19927536231884058,0.18596491228070175,0.6518987341772152,0.5072463768115942
1047,0.30055401662049863,0.0005555555555555556,0.40929451287793955,0.49414336225509087,0.9393939393939394,0.0,0.05091383812010445,0.0004,0.9393939393939394,0.5184155663655317,0.9393939393939394,0.013861386138613862,0.19927536231884058,0.18596491228070175,0.6518987341772152,0.5169082125603864
1048,0.31994459833795014,0.0005555555555555556,0.40257558790593506,0.36347002355186214,0.9494949494949496,0.0,0.04308093994778068,0.0004,0.9494949494949496,0.448227936066713,0.9494949494949496,0.03564356435643564,0.2028985507246377,0.1894736842105263,0.6540084388185654,0.5410628019323671
1049,0.03185595567867036,0.0005555555555555556,0.39361702127659576,0.17091462667946478,0.9393939393939394,0.0,0.503916449086162,0.0004,0.9292929292929294,0.32453092425295343,0.9393939393939394,0.019801980198019806,0.2028985507246377,0.1894736842105263,0.6561181434599156,0.5652173913043478
1050,0.3282548476454294,0.0005555555555555556,0.41097424412094063,0.17492925750357904,0.9393939393939394,0.0,0.4960835509138381,0.0004,0.9393939393939394,0.40514246004169563,0.9393939393939394,0.033663366336633666,0.2028985507246377,0.1894736842105263,0.6529535864978903,0.5507246376811594
1051,0.3268698060941828,0.0005555555555555556,0.4384098544232923,0.17791169320435854,0.9191919191919192,0.0,0.4882506527415144,0.0004,0.9191919191919192,0.39819318971507994,0.9191919191919192,0.03564356435643564,0.20652173913043478,0.19298245614035084,0.6466244725738397,0.5410628019323671
1052,0.3268698060941828,0.0005555555555555556,0.44344904815229563,0.16506729474095178,0.09090909090909091,0.0,0.4804177545691906,0.0004,0.9191919191919192,0.41487143849895763,0.09090909090909091,0.039603960396039604,0.20652173913043478,0.19298245614035084,0.6445147679324894,0.536231884057971
1053,0.3365650969529086,0.0005555555555555556,0.4322508398656215,0.010954415723149704,0.9191919191919192,0.0,0.47127937336814624,0.0004,0.9393939393939394,0.4058373870743572,0.9191919191919192,0.04356435643564356,0.21014492753623193,0.1964912280701754,0.6424050632911392,0.5314009661835749
1054,0.3407202216066482,0.0005555555555555556,0.3751399776035834,0.1557548936623226,0.8585858585858587,0.0,0.46214099216710186,0.0004,0.09090909090909091,0.4044475330090341,0.8585858585858587,0.031683168316831684,0.21014492753623193,0.1964912280701754,0.6392405063291139,0.5265700483091788
1055,0.3393351800554017,0.0005555555555555556,0.37066069428891374,0.16782503284686123,0.0,0.0,0.4530026109660575,0.0004,0.797979797979798,0.4065323141070188,0.888888888888889,0.019801980198019806,0.21014492753623193,0.19999999999999998,0.6350210970464135,0.5265700483091788
1056,0.03185595567867036,0.0077777777777777776,0.0,0.0,0.06060606060606061,0.0,0.6383812010443864,0.007200000000000001,0.5656565656565657,0.5253648366921473,0.06060606060606061,0.007920792079207921,0.13768115942028986,0.1333333333333333,0.5168776371308017,0.43961352657004826
1057,0.3379501385041551,0.0077777777777777776,0.0,0.5111684715069552,0.48484848484848486,0.0,0.6240208877284595,0.0076,0.5555555555555556,0.5253648366921473,0.48484848484848486,0.007920792079207921,0.13768115942028986,0.1333333333333333,0.5137130801687764,0.43961352657004826
1058,0.3490304709141274,0.0077777777777777776,0.31746920492721165,0.4997959930988113,0.686868686868687,0.0,0.6096605744125327,0.0076,0.6767676767676768,0.5628908964558721,0.686868686868687,0.007920792079207921,0.13768115942028986,0.1333333333333333,0.5094936708860759,0.43961352657004826
1059,0.3573407202216067,0.008333333333333333,0.31746920492721165,0.2642302857227713,0.0,0.0,0.5939947780678853,0.008,0.6767676767676768,0.6865879082696318,0.6767676767676768,0.013861386138613862,0.13768115942028986,0.1333333333333333,0.5031645569620253,0.42995169082125606
1060,0.3573407202216067,0.008333333333333333,0.31746920492721165,0.41132720183296145,0.0,0.0,0.5783289817232377,0.008,0.6767676767676768,0.09798471160528145,0.686868686868687,0.02772277227722772,0.14130434782608697,0.13684210526315788,0.4957805907172996,0.42028985507246375
1061,0.943213296398892,0.012777777777777779,0.32194848824188127,0.036352906988983975,0.0,0.0,0.5639686684073109,0.023200000000000002,0.6666666666666667,0.6184850590687978,0.6666666666666667,0.03564356435643564,0.14130434782608697,0.13684210526315788,0.4957805907172996,0.4154589371980676
1062,0.3462603878116344,0.008888888888888889,0.3269876819708846,0.41369061542649277,0.0,0.0,0.5483028720626633,0.008400000000000001,0.6565656565656566,0.4642112578179291,0.6565656565656566,0.03762376237623762,0.14492753623188406,0.14035087719298242,0.4915611814345992,0.4106280193236715
1063,0.3573407202216067,0.008888888888888889,0.3325867861142217,0.6393746612330309,0.0,0.0,0.5326370757180158,0.0088,0.6464646464646465,0.41139680333564976,0.6363636363636365,0.04554455445544554,0.14855072463768118,0.143859649122807,0.4873417721518988,0.4057971014492754
1064,0.3670360110803324,0.009444444444444445,0.33986562150055993,0.5687243794842755,0.0,0.0,0.04830287206266319,0.0092,0.6262626262626263,0.3863794301598332,0.6363636363636365,0.05148514851485149,0.14855072463768118,0.143859649122807,0.48312236286919835,0.4057971014492754
1065,0.037396121883656507,0.009444444444444445,0.34546472564389696,0.700711950026445,0.0,0.0,0.503916449086162,0.0092,0.6161616161616162,0.39610840861709523,0.06060606060606061,0.06336633663366337,0.15217391304347827,0.14736842105263157,0.479957805907173,0.40096618357487923
1066,0.038781163434903045,0.009444444444444445,0.3113101903695409,0.3817203394337038,0.0,0.0,0.489556135770235,0.009600000000000001,0.06060606060606061,0.30646282140375264,0.06060606060606061,0.07524752475247524,0.1557971014492754,0.15087719298245614,0.4767932489451477,0.3961352657004831
1067,0.04293628808864266,0.01,0.3409854423292273,0.6450497924066855,0.0,0.0,0.47650130548302877,0.009600000000000001,0.5858585858585859,0.3898540653231411,0.5555555555555556,0.08316831683168316,0.15942028985507248,0.15438596491228068,0.4746835443037975,0.3913043478260869
1068,0.0027700831024930752,0.01,0.37122060470324747,0.44330024539277596,0.0,0.0,0.4634464751958225,0.01,0.5656565656565657,0.3697011813759556,0.5353535353535354,0.0891089108910891,0.15942028985507248,0.15789473684210523,0.47151898734177217,0.3913043478260869
1069,0.0443213296398892,0.010555555555555556,0.3409854423292273,0.5036870041261426,0.0,0.0,0.45169712793733685,0.010400000000000001,0.5454545454545455,0.3801250868658791,0.48484848484848486,0.09306930693069307,0.16304347826086957,0.1614035087719298,0.46835443037974683,0.3864734299516908
1070,0.04709141274238227,0.010555555555555556,0.3477043673012318,0.6087862028088227,0.0,0.0007493531527030912,0.4412532637075718,0.0108,0.5252525252525253,0.3912439193884642,0.4545454545454546,0.09702970297029703,0.16666666666666669,0.1614035087719298,0.46729957805907174,0.3816425120772947
1071,0.04709141274238227,0.011111111111111112,0.26763717805151177,0.7458340753365333,0.0,0.004675209606801676,0.43080939947780683,0.0112,0.05050505050505051,0.4586518415566366,0.4141414141414142,0.099009900990099,0.17028985507246377,0.16491228070175437,0.4630801687763713,0.37681159420289856
1072,0.20221606648199447,0.0016666666666666666,0.16013437849944012,0.0,0.9797979797979799,0.0,0.6527415143603135,0.0016,0.9797979797979799,0.6059763724808895,0.9797979797979799,0.0039603960396039604,0.07246376811594203,0.07017543859649122,0.6571729957805907,0.5410628019323671
1073,0.20498614958448755,0.0016666666666666666,0.16013437849944012,0.34594851694751905,0.9797979797979799,0.0,0.05483028720626632,0.0016,0.9797979797979799,0.6059763724808895,0.9797979797979799,0.0039603960396039604,0.07246376811594203,0.07017543859649122,0.6518987341772152,0.5507246376811594
1074,0.019390581717451522,0.0022222222222222222,0.17357222844344905,0.3122706267581502,0.9797979797979799,0.0,0.6305483028720628,0.0016,0.9797979797979799,0.6358582348853371,0.9797979797979799,0.005940594059405941,0.07608695652173914,0.07017543859649122,0.6476793248945147,0.5603864734299516
1075,0.20775623268698062,0.0022222222222222222,0.17357222844344905,0.3641731210999909,0.9797979797979799,0.0,0.6187989556135771,0.0016,0.9797979797979799,0.6796386379430159,0.9797979797979799,0.005940594059405941,0.07608695652173914,0.07017543859649122,0.6476793248945147,0.5603864734299516
1076,0.2105263157894737,0.0022222222222222222,0.17301231802911535,0.3221724467930529,0.9797979797979799,0.0,0.6083550913838122,0.002,0.9797979797979799,0.595552466990966,0.9797979797979799,0.005940594059405941,0.07608695652173914,0.0736842105263158,0.6445147679324894,0.5652173913043478
1077,0.2146814404432133,0.0022222222222222222,0.17301231802911535,0.3026051081667317,0.9797979797979799,0.0,0.5979112271540471,0.002,0.9797979797979799,0.5872133425990271,0.9797979797979799,0.005940594059405941,0.07971014492753623,0.0736842105263158,0.6392405063291139,0.5555555555555556
1078,0.21606648199445985,0.0022222222222222222,0.17189249720044794,0.2865940807477389,0.9797979797979799,0.0,0.5861618798955615,0.002,0.9797979797979799,0.6143154968728284,0.9797979797979799,0.007920792079207921,0.07971014492753623,0.0736842105263158,0.6360759493670886,0.5458937198067633
1079,0.21883656509695293,0.0022222222222222222,0.1752519596864502,0.23229462294854603,0.9292929292929294,0.0,0.5757180156657965,0.002,0.9393939393939394,0.5837387074357193,0.9393939393939394,0.009900990099009901,0.07971014492753623,0.07719298245614034,0.629746835443038,0.536231884057971
1080,0.02077562326869806,0.002777777777777778,0.1763717805151176,0.2228500799099019,0.9393939393939394,0.0,0.5652741514360314,0.0024000000000000002,0.9494949494949496,0.5482974287699791,0.9494949494949496,0.01188118811881188,0.08333333333333333,0.07719298245614034,0.6223628691983122,0.5265700483091788
1081,0.221606648199446,0.002777777777777778,0.18029115341545354,0.19324868092634612,0.9494949494949496,0.0,0.5548302872062664,0.0024000000000000002,0.9494949494949496,0.5302293259207783,0.9595959595959597,0.013861386138613862,0.08333333333333333,0.08070175438596491,0.6149789029535865,0.5217391304347826
1082,0.22437673130193908,0.002777777777777778,0.18029115341545354,0.204050210858112,0.9797979797979799,0.0,0.545691906005222,0.0024000000000000002,0.98989898989899,0.5427380125086866,0.98989898989899,0.015841584158415842,0.08695652173913043,0.08070175438596491,0.6086497890295358,0.5120772946859903
1083,0.22714681440443216,0.002777777777777778,0.1685330347144457,0.1885610833758375,0.9393939393939394,0.0,0.535248041775457,0.0028,0.9494949494949496,0.5482974287699791,0.9494949494949496,0.02178217821782178,0.09057971014492754,0.08421052631578947,0.6023206751054851,0.5024154589371981
1084,0.22853185595567868,0.003333333333333333,0.16965285554311313,0.19475495727619788,0.9191919191919192,0.0,0.5248041775456921,0.0028,0.9292929292929294,0.576094510076442,0.9292929292929294,0.025742574257425738,0.09057971014492754,0.08421052631578947,0.5970464135021096,0.497584541062802
1085,0.2326869806094183,0.003333333333333333,0.17245240761478164,0.15511959369342687,0.9494949494949496,0.0,0.04438642297650131,0.0028,0.9595959595959597,0.5059068797776234,0.9595959595959597,0.02772277227722772,0.09420289855072464,0.08771929824561403,0.5917721518987342,0.48792270531400966
1086,0.23545706371191136,0.003333333333333333,0.15285554311310193,0.15387144630672528,0.9595959595959597,0.0,0.503916449086162,0.0032,1.0,0.47810979847116053,0.9696969696969697,0.0297029702970297,0.09420289855072464,0.0912280701754386,0.5875527426160339,0.4782608695652174
1087,0.23961218836565099,0.003333333333333333,0.14557670772676373,0.28855928892464294,0.9393939393939394,0.0,0.49347258485639683,0.0032,0.888888888888889,0.4607366226546213,0.9494949494949496,0.031683168316831684,0.09782608695652173,0.0912280701754386,0.5812236286919832,0.4734299516908213
1088,0.1842105263157895,0.0,0.0,0.0,0.0,0.0,0.8328981723237598,0.0,1.0,0.5142460041695622,1.0,0.0,0.05434782608695653,0.052631578947368425,0.8797468354430379,0.7536231884057971
1089,0.1883656509695291,0.0,0.0,0.16121096374243404,0.0,0.0,0.8250652741514362,0.0,1.0,0.5142460041695622,1.0,0.0,0.057971014492753624,0.052631578947368425,0.8797468354430379,0.7632850241545894
1090,0.19113573407202217,0.0,0.6086226203807392,0.1554517332885593,0.0,4.712912910082335e-06,0.8172323759791124,0.0004,1.0,0.5232800555941627,1.0,0.0,0.057971014492753624,0.056140350877192984,0.8691983122362869,0.7439613526570048
1091,0.20083102493074795,0.0,0.6304591265397537,0.16455088175877902,0.0,9.42582582016467e-06,0.8093994778067887,0.0004,1.0,0.5378735232800557,1.0,0.0,0.057971014492753624,0.056140350877192984,0.8681434599156118,0.7439613526570048
1092,0.019390581717451522,0.0,0.6438969764837627,0.17850675927947987,0.0,2.3564564550411675e-05,0.8015665796344649,0.0004,1.0,0.5448227936066713,1.0,0.0,0.057971014492753624,0.056140350877192984,0.8660337552742615,0.7439613526570048
1093,0.2146814404432133,0.0,0.603023516237402,0.1925200953179452,0.0,0.0,0.7924281984334205,0.0004,1.0,0.5455177206393329,1.0,0.0,0.06159420289855072,0.05964912280701755,0.8618143459915611,0.7391304347826088
1094,0.22299168975069253,0.0,0.6410974244120942,0.12832735957997482,0.0,4.712912910082335e-06,0.7845953002610967,0.0004,1.0,0.5246699096594858,1.0,0.0,0.06159420289855072,0.05964912280701755,0.860759493670886,0.7391304347826088
1095,0.22714681440443216,0.0005555555555555556,0.6511758118701009,0.18206384867096395,0.0,0.0,0.07180156657963448,0.0004,1.0,0.5093815149409312,1.0,0.0,0.06521739130434782,0.06315789473684211,0.8565400843881857,0.7391304347826088
1096,0.24238227146814406,0.0005555555555555556,0.7021276595744682,0.16361332170176698,0.0,0.0,0.7689295039164492,0.0004,1.0,0.5218902015288395,1.0,0.0,0.06521739130434782,0.06315789473684211,0.8533755274261604,0.7391304347826088
1097,0.24376731301939059,0.0005555555555555556,0.7362821948488243,0.13016072118431082,0.0,4.712912910082335e-06,0.7610966057441254,0.0004,1.0,0.5628908964558721,1.0,0.0,0.06884057971014493,0.06666666666666667,0.8459915611814346,0.7342995169082125
1098,0.25069252077562326,0.0005555555555555556,0.7239641657334827,0.013192605172411748,0.0,9.42582582016467e-06,0.7545691906005223,0.0004,1.0,0.5753995830437804,1.0,0.0,0.06884057971014493,0.06666666666666667,0.8386075949367089,0.7246376811594203
1099,0.023545706371191136,0.0005555555555555556,0.7430011198208287,0.1471035511593157,0.0,0.0,0.7467362924281986,0.0004,1.0,0.6115357887421822,1.0,0.0,0.07246376811594203,0.07017543859649122,0.8364978902953587,0.7391304347826088
1100,0.25346260387811637,0.0005555555555555556,0.7407614781634939,0.10319231455183109,0.0,0.0,0.7389033942558748,0.0004,1.0,0.5851285615010424,1.0,0.0,0.07246376811594203,0.07017543859649122,0.8270042194092827,0.7198067632850241
1101,0.25346260387811637,0.0005555555555555556,0.7435610302351624,0.0900105154114805,0.0,0.0,0.7323759791122717,0.0004,0.98989898989899,0.5191104933981932,1.0,0.0,0.07608695652173914,0.0736842105263158,0.8175105485232068,0.7053140096618358
1102,0.2548476454293629,0.0005555555555555556,0.7374020156774916,0.7613656434541364,0.0,9.42582582016467e-05,0.7258485639686685,0.0004,1.0,0.4940931202223767,1.0,0.0,0.07608695652173914,0.0736842105263158,0.8111814345991561,0.6859903381642511
1103,0.2659279778393352,0.0005555555555555556,0.6836506159014559,0.7548708247361124,0.0,4.712912910082335e-06,0.7193211488250654,0.0004,1.0,0.5281445448227936,1.0,0.0,0.07971014492753623,0.07719298245614034,0.8027426160337553,0.6714975845410628
1104,0.0664819944598338,0.0,0.4165733482642777,0.0,0.0,0.0,0.7832898172323761,0.0,0.9292929292929294,0.6157053509381515,0.9292929292929294,0.0,0.03260869565217391,0.028070175438596492,0.9694092827004219,0.9178743961352657
1105,0.0664819944598338,0.0,0.4165733482642777,0.8267664021656984,0.0,0.0,0.0731070496083551,0.0,0.09090909090909091,0.6157053509381515,0.09090909090909091,0.0,0.03260869565217391,0.028070175438596492,0.9651898734177216,0.9178743961352657
1106,0.00554016620498615,0.0,0.4087346024636058,0.7658078013813813,0.0,0.0,0.06788511749347259,0.0,0.9191919191919192,0.6080611535788742,0.9191919191919192,0.0,0.03260869565217391,0.028070175438596492,0.9567510548523207,0.9178743961352657
1107,0.00554016620498615,0.0,0.43673012318029114,0.6829816937444068,0.0,0.0,0.7663185378590079,0.0,0.8989898989898991,0.6031966643502432,0.8989898989898991,0.0,0.03260869565217391,0.028070175438596492,0.95042194092827,0.9033816425120772
1108,0.06925207756232687,0.0,0.4546472564389698,0.007059742452402216,0.0,0.0,0.7610966057441254,0.0,0.9595959595959597,0.6011118832522586,0.9595959595959597,0.0,0.02898550724637681,0.028070175438596492,0.9430379746835443,0.8985507246376813
1109,0.07202216066481995,0.0,0.46136618141097424,0.601550251577557,0.0,0.0,0.7558746736292429,0.0,0.9696969696969697,0.6157053509381515,0.9696969696969697,0.0,0.02898550724637681,0.028070175438596492,0.9430379746835443,0.8888888888888888
1110,0.07479224376731301,0.0,0.5716685330347145,0.6887141485131771,0.0,0.0,0.7506527415143605,0.0,0.9696969696969697,0.6337734537873523,0.9696969696969697,0.0,0.02898550724637681,0.028070175438596492,0.9430379746835443,0.8888888888888888
1111,0.07894736842105263,0.0,0.4748040313549832,0.762640004698818,0.0,0.0,0.7454308093994779,0.0,0.98989898989899,0.6115357887421822,0.98989898989899,0.0,0.02898550724637681,0.028070175438596492,0.9409282700421941,0.8792270531400965
1112,0.08033240997229917,0.0,0.4210526315789474,0.12062879765080224,0.0,0.0,0.741514360313316,0.0,0.9797979797979799,0.6080611535788742,0.9797979797979799,0.0,0.02898550724637681,0.028070175438596492,0.9356540084388185,0.8792270531400965
1113,0.08310249307479224,0.0,0.40257558790593506,0.1004797916598461,0.0,0.0,0.7362924281984335,0.0,0.9797979797979799,0.6226546212647673,0.9797979797979799,0.0,0.02898550724637681,0.028070175438596492,0.9324894514767933,0.8743961352657006
1114,0.08448753462603878,0.0,0.39417693169092943,0.10648776348551375,0.0,0.0,0.7297650130548303,0.0,0.9595959595959597,0.6400277970813065,0.9595959595959597,0.0,0.02898550724637681,0.028070175438596492,0.9272151898734177,0.8647342995169082
1115,0.0886426592797784,0.0,0.3796192609182531,0.8520161371546535,0.0,0.0,0.7245430809399479,0.0,1.0,0.6664350243224462,1.0,0.0,0.03260869565217391,0.028070175438596492,0.9208860759493671,0.8840579710144928
1116,0.0886426592797784,0.0,0.3695408734602464,0.7266844872801557,0.0,0.0,0.7167101827676241,0.0,0.9797979797979799,0.118137595552467,0.9797979797979799,0.0,0.03260869565217391,0.028070175438596492,0.9135021097046413,0.8502415458937199
1117,0.008310249307479223,0.0,0.3695408734602464,0.595792852145225,0.0,0.0,0.710182767624021,0.0,0.9595959595959597,0.6851980542043086,0.9595959595959597,0.0,0.03260869565217391,0.028070175438596492,0.9061181434599156,0.8309178743961352
1118,0.09833795013850416,0.0,0.3561030235162374,0.505661883362181,0.0,0.0,0.7023498694516972,0.0,0.9292929292929294,0.6337734537873523,0.9292929292929294,0.0,0.03260869565217391,0.028070175438596492,0.9008438818565401,0.8260869565217391
1119,0.10110803324099724,0.0,0.3449048152295633,0.05818724019865835,0.0,0.0,0.6945169712793735,0.0,0.98989898989899,0.6448922863099374,0.98989898989899,0.0,0.03260869565217391,0.028070175438596492,0.8934599156118144,0.8115942028985508
1120,0.24930747922437674,0.5055555555555555,0.17133258678611424,0.0,0.8787878787878789,0.425986059203612,0.2310704960835509,0.44,0.8686868686868687,0.32592077831827665,0.8787878787878789,0.0019801980198019802,0.9637681159420289,0.9543859649122807,0.6487341772151899,0.5603864734299516
1121,0.25346260387811637,0.5316666666666666,0.17133258678611424,0.8666455236966412,0.797979797979798,0.3749734898648808,0.2232375979112272,0.48000000000000004,0.8484848484848485,0.32592077831827665,0.8585858585858587,0.0019801980198019802,0.9673913043478262,0.9578947368421051,0.640295358649789,0.5603864734299516
1122,0.257617728531856,0.5555555555555556,0.17357222844344905,0.6778416147111724,0.07070707070707072,0.06514188224315803,0.21540469973890342,0.52,0.8282828282828284,0.3148019457956915,0.8383838383838385,0.0019801980198019802,0.9673913043478262,0.9614035087719297,0.6318565400843882,0.5555555555555556
1123,0.02493074792243767,0.6111111111111112,0.17301231802911535,0.6507703471380726,0.7373737373737375,0.08798065820541702,0.20887728459530028,0.56,0.797979797979798,0.3050729673384295,0.8282828282828284,0.0019801980198019802,0.9710144927536232,0.9649122807017544,0.6223628691983122,0.5458937198067633
1124,0.2659279778393352,0.6111111111111112,0.1674132138857783,0.06471268906239859,0.4444444444444445,0.15851411281770925,0.20104438642297648,0.6,0.797979797979798,0.30090340514246006,0.8282828282828284,0.0019801980198019802,0.9710144927536232,0.9684210526315788,0.6118143459915611,0.5217391304347826
1125,0.2700831024930748,0.6666666666666666,0.15453527435610304,0.5782902781834359,0.38383838383838387,0.14825881432537008,0.19451697127937337,0.64,0.7676767676767677,0.29742876997915224,0.797979797979798,0.0019801980198019802,0.9746376811594203,0.9719298245614034,0.600210970464135,0.5024154589371981
1126,0.0013850415512465374,0.7222222222222222,0.13941769316909294,8.455817057875402e-11,0.37373737373737376,0.26480915059170623,0.18798955613577026,0.68,0.7373737373737375,0.3043780403057679,0.7474747474747475,0.0019801980198019802,0.9746376811594203,0.9719298245614034,0.5938818565400843,0.5072463768115942
1127,0.030470914127423823,0.7222222222222222,0.10750279955207168,0.4310155910163187,0.29292929292929293,0.20858409957442398,0.18146214099216712,0.7200000000000001,0.696969696969697,0.3015983321751216,0.07070707070707072,0.0039603960396039604,0.9746376811594203,0.975438596491228,0.5864978902953587,0.49275362318840576
1128,0.03462603878116344,0.7777777777777778,0.08846584546472566,0.5243422994933467,0.06060606060606061,0.19390808877242757,0.17493472584856398,0.76,0.6767676767676768,0.29395413481584437,0.6464646464646465,0.0039603960396039604,0.9782608695652175,0.9789473684210526,0.5759493670886077,0.4782608695652174
1129,0.037396121883656507,0.8333333333333334,0.07614781634938411,0.34917046649287126,0.06060606060606061,0.3024983151336347,0.16840731070496084,0.8,0.6666666666666667,0.2953439888811675,0.6565656565656566,0.0039603960396039604,0.9782608695652175,0.9789473684210526,0.5654008438818565,0.4685990338164251
1130,0.29085872576177285,0.8333333333333334,0.07054871220604704,0.003515438058658752,0.08080808080808081,0.17301574584203258,0.16318537859007834,0.8,0.6565656565656566,0.29742876997915224,0.6565656565656566,0.0039603960396039604,0.9818840579710145,0.9824561403508771,0.5548523206751055,0.45410628019323673
1131,0.2950138504155125,0.8888888888888888,0.06662933930571109,0.2738319618616875,0.06060606060606061,0.2612980304736949,0.1566579634464752,0.8400000000000001,0.5858585858585859,0.29325920778318276,0.6363636363636365,0.0039603960396039604,0.9818840579710145,0.9859649122807017,0.5464135021097046,0.4444444444444444
1132,0.29778393351800553,0.9444444444444444,0.06606942889137739,0.01951306857014041,0.0,0.22219970497165184,0.1514360313315927,0.88,0.5757575757575758,0.29881862404447534,0.6161616161616162,0.0039603960396039604,0.9855072463768116,0.9894736842105263,0.5327004219409283,0.4154589371980676
1133,0.30193905817174516,0.9444444444444444,0.061030235162374026,0.17841498393225158,0.0,0.18872388457133701,0.14621409921671016,0.92,0.5858585858585859,0.3057678943710911,0.595959595959596,0.0039603960396039604,0.9891304347826086,0.9929824561403507,0.5263713080168776,0.4057971014492754
1134,0.3060941828254848,1.0,0.055431131019036954,0.1903481722210932,0.0,0.2440346304840633,0.1409921671018277,0.9600000000000001,0.5858585858585859,0.3127171646977068,0.595959595959596,0.0039603960396039604,0.9927536231884058,0.9964912280701754,0.5210970464135021,0.40096618357487923
1135,0.30886426592797783,1.0,0.05151175811870101,0.19298002899825076,0.0,0.18302597286304748,0.13577023498694518,1.0,0.5757575757575758,0.296038915913829,0.5858585858585859,0.0039603960396039604,1.0,1.0,0.5158227848101266,0.40096618357487923
1136,0.24238227146814406,0.06333333333333334,0.004479283314669653,0.0,0.787878787878788,0.07116027202933317,0.34464751958224543,0.054400000000000004,0.08080808080808081,0.19805420430854762,0.787878787878788,0.0039603960396039604,0.04710144927536231,0.03859649122807018,0.7236286919831224,0.6231884057971014
1137,0.24653739612188366,0.0661111111111111,0.004479283314669653,0.20039914198214312,0.787878787878788,0.06099923179519566,0.3328981723237598,0.0568,0.08080808080808081,0.19805420430854762,0.787878787878788,0.0039603960396039604,0.04710144927536231,0.03859649122807018,0.719409282700422,0.6231884057971014
1138,0.24930747922437674,0.06888888888888889,0.004479283314669653,0.02288559649920356,0.8585858585858587,0.039678013789983174,0.3211488250652742,0.0592,0.8686868686868687,0.2036136205698402,0.8585858585858587,0.0039603960396039604,0.050724637681159424,0.042105263157894736,0.7141350210970464,0.6231884057971014
1139,0.25207756232686984,0.07166666666666667,0.003919372900335946,0.25488944300989663,0.8383838383838385,0.07299830806426529,0.3093994778067885,0.0616,0.8484848484848485,0.20152883947185546,0.8383838383838385,0.0039603960396039604,0.050724637681159424,0.045614035087719294,0.7056962025316456,0.608695652173913
1140,0.2548476454293629,0.07444444444444444,0.003919372900335946,0.2122285589280231,0.8181818181818182,0.10317980234043256,0.2976501305483029,0.0644,0.8181818181818182,0.1883252258512856,0.8181818181818182,0.0039603960396039604,0.05434782608695653,0.04912280701754386,0.6983122362869199,0.5942028985507246
1141,0.257617728531856,0.07666666666666666,0.003919372900335946,0.19086032136710443,0.8383838383838385,0.08892795370034358,0.2859007832898172,0.0668,0.8282828282828284,0.19041000694927035,0.8181818181818182,0.0039603960396039604,0.05434782608695653,0.04912280701754386,0.6919831223628692,0.5845410628019323
1142,0.26038781163434904,0.07944444444444444,0.003919372900335946,0.1260060022875455,0.8282828282828284,0.09811342096209405,0.27545691906005226,0.06960000000000001,0.8585858585858587,0.19666435024322448,0.787878787878788,0.0039603960396039604,0.057971014492753624,0.052631578947368425,0.680379746835443,0.5652173913043478
1143,0.26038781163434904,0.08277777777777778,0.0033594624860022407,0.10280375705615566,0.8282828282828284,0.0724327585150554,0.26501305483028725,0.0724,0.8383838383838385,0.19527449617790132,0.7777777777777778,0.0019801980198019802,0.057971014492753624,0.056140350877192984,0.6761603375527426,0.5652173913043478
1144,0.02493074792243767,0.08555555555555555,0.0027995520716685334,0.010280308013911046,0.7676767676767677,0.09169443357856191,0.0195822454308094,0.0752,0.7777777777777778,0.2154273801250869,0.7373737373737375,0.0019801980198019802,0.06159420289855072,0.056140350877192984,0.6729957805907173,0.5314009661835749
1145,0.26315789473684215,0.08833333333333333,0.0027995520716685334,0.07213496837134505,0.6666666666666667,0.09624710744970144,0.24412532637075718,0.0776,0.787878787878788,0.20222376650451704,0.7272727272727273,0.0,0.06159420289855072,0.05964912280701755,0.6666666666666666,0.5265700483091788
1146,0.02493074792243767,0.09055555555555556,0.0027995520716685334,0.5390678232805453,0.6565656565656566,0.07471380836353525,0.2349869451697128,0.0804,0.797979797979798,0.1938846421125782,0.7272727272727273,0.0,0.06521739130434782,0.06315789473684211,0.6635021097046413,0.536231884057971
1147,0.29362880886426596,0.09666666666666666,0.0027995520716685334,0.5545257964521288,0.6464646464646465,0.1374803825000118,0.2245430809399478,0.09480000000000001,0.797979797979798,0.16469770674079223,0.7171717171717172,0.0,0.06521739130434782,0.06315789473684211,0.6582278481012658,0.5314009661835749
1148,0.26038781163434904,0.0961111111111111,0.002239641657334827,0.8474139741878763,0.6464646464646465,0.11526371104188367,0.21540469973890342,0.08600000000000001,0.08080808080808081,0.17581653926337734,0.7171717171717172,0.0,0.06521739130434782,0.38245614035087716,0.6466244725738397,0.5217391304347826
1149,0.26038781163434904,0.09833333333333333,0.002239641657334827,0.4325004392055248,0.6363636363636365,0.0682995338929132,0.20496083550913838,0.0888,0.08080808080808081,0.15774843641417652,0.07070707070707072,0.0,0.39492753623188404,0.38596491228070173,0.6413502109704641,0.5120772946859903
1150,0.2590027700831025,0.10111111111111111,0.0027995520716685334,0.3401450181422277,0.6262626262626263,0.01802689188106493,0.195822454308094,0.0916,0.7777777777777778,0.15496872828353023,0.7676767676767677,0.0,0.39492753623188404,0.38596491228070173,0.6371308016877637,0.5120772946859903
1151,0.2590027700831025,0.10388888888888889,0.0027995520716685334,0.03439018691794007,0.6565656565656566,0.015759980771315327,0.18798955613577026,0.09480000000000001,0.7272727272727273,0.13759555246699098,0.7575757575757577,0.0,0.39492753623188404,0.38947368421052625,0.629746835443038,0.5169082125603864
1152,0.11357340720221606,0.01,0.0,0.0,0.98989898989899,0.002898441439700636,0.7663185378590079,0.008400000000000001,0.98989898989899,0.4788047255038221,0.98989898989899,0.0,0.30434782608695654,0.2982456140350877,0.8164556962025317,0.7149758454106281
1153,0.11357340720221606,0.010555555555555556,0.0,0.0,1.0,0.00046657837809815114,0.7506527415143605,0.0088,1.0,0.4788047255038221,1.0,0.0,0.29710144927536236,0.29122807017543856,0.8122362869198312,0.7198067632850241
1154,0.11357340720221606,0.011111111111111112,0.0,0.0,1.0,0.0008907405400055613,0.7336814621409923,0.0092,0.98989898989899,0.45100764419735934,0.98989898989899,0.0,0.2934782608695652,0.28771929824561404,0.8111814345991561,0.7246376811594203
1155,0.11634349030470914,0.011666666666666667,0.0,0.0,0.98989898989899,0.001564687086147335,0.7180156657963448,0.009600000000000001,1.0,0.48505906879777627,1.0,0.0,0.286231884057971,0.2842105263157894,0.7964135021097046,0.6570048309178743
1156,0.12742382271468145,0.012222222222222223,0.0011198208286674134,0.0,1.0,0.00034404264243601045,0.7023498694516972,0.01,1.0,0.4947880472550383,1.0,0.0,0.28260869565217395,0.2807017543859649,0.7858649789029536,0.6328502415458936
1157,0.02077562326869806,0.012222222222222223,0.0011198208286674134,0.0,1.0,0.002535547145624296,0.6866840731070497,0.010400000000000001,1.0,0.5698401667824878,1.0,0.0,0.2789855072463768,0.2771929824561403,0.7753164556962026,0.6231884057971014
1158,0.16759002770083103,0.012777777777777779,0.0011198208286674134,0.0,1.0,0.0012347831824415718,0.6723237597911228,0.0108,1.0,0.5302293259207783,1.0,0.0,0.2753623188405797,0.27368421052631575,0.7679324894514767,0.6183574879227054
1159,0.18559556786703602,0.013333333333333332,0.0005599104143337066,0.0,1.0,0.0005985399395804566,0.6579634464751959,0.0112,1.0,0.43641417651146636,1.0,0.0,0.2717391304347826,0.2701754385964912,0.7552742616033755,0.5845410628019323
1160,0.18975069252077564,0.013888888888888888,0.0005599104143337066,0.0,0.9797979797979799,0.0006268174170409505,0.057441253263707574,0.011600000000000001,0.98989898989899,0.4058373870743572,1.0,0.0,0.2681159420289855,0.2701754385964912,0.7426160337552742,0.5700483091787439
1161,0.19113573407202217,0.014444444444444444,0.0005599104143337066,0.0,0.98989898989899,0.0010368408402181136,0.6318537859007833,0.012,1.0,0.41348158443363453,0.98989898989899,0.0,0.2644927536231884,0.26666666666666666,0.729957805907173,0.5507246376811594
1162,0.19113573407202217,0.015,0.0,0.0,0.9494949494949496,3.2990390370576346e-05,0.6201044386422977,0.0128,0.9595959595959597,0.4586518415566366,0.9595959595959597,0.0,0.2644927536231884,0.26666666666666666,0.7246835443037976,0.5507246376811594
1163,0.19113573407202217,0.015555555555555555,0.0,0.0,0.9595959595959597,1.4138738730247004e-05,0.6083550913838122,0.0132,0.98989898989899,0.40931202223766505,1.0,0.0,0.2644927536231884,0.26666666666666666,0.7236286919831224,0.5700483091787439
1164,0.21191135734072022,0.01611111111111111,0.0,0.0,0.98989898989899,0.054877157924998705,0.5992167101827677,0.014,1.0,0.3766504517025712,1.0,0.0,0.2681159420289855,0.26666666666666666,0.7162447257383967,0.5700483091787439
1165,0.1952908587257618,0.017222222222222222,0.0,0.0,1.0,0.045027169942926625,0.5900783289817234,0.0148,1.0,0.3745656706045865,1.0,0.0,0.2717391304347826,0.26666666666666666,0.7109704641350212,0.5748792270531401
1166,0.20083102493074795,0.018333333333333333,0.0,0.0,0.9494949494949496,0.04515913150440893,0.5809399477806789,0.016,0.9595959595959597,0.3613620569840167,0.9696969696969697,0.0,0.2753623188405797,0.2701754385964912,0.7025316455696203,0.5603864734299516
1167,0.019390581717451522,0.019444444444444445,0.0,0.0,1.0,0.05596112789431765,0.5731070496083551,0.0172,1.0,0.310632383599722,1.0,0.0,0.2789855072463768,0.27368421052631575,0.6962025316455697,0.5603864734299516
1168,0.25069252077562326,0.017777777777777778,0.0,0.0,0.5656565656565657,0.006753604200147986,0.7584856396866841,0.0152,0.6363636363636365,0.3849895760945101,0.5858585858585859,0.0,0.18840579710144928,0.17543859649122803,0.6845991561181435,0.48792270531400966
1169,0.2742382271468144,0.017777777777777778,0.0,0.04359602204195312,0.6262626262626263,0.006206906302578435,0.7506527415143605,0.015600000000000001,0.6767676767676768,0.3849895760945101,0.6464646464646465,0.0,0.18840579710144928,0.17543859649122803,0.6940928270042195,0.48792270531400966
1170,0.0221606648199446,0.017777777777777778,0.0,0.44810896732214106,0.6666666666666667,0.003152938736845082,0.741514360313316,0.015600000000000001,0.07070707070707072,0.41139680333564976,0.686868686868687,0.0,0.18840579710144928,0.17543859649122803,0.6951476793248945,0.497584541062802
1171,0.20221606648199447,0.017777777777777778,0.0,0.43037270723264903,0.6161616161616162,7.069369365123502e-05,0.7336814621409923,0.015600000000000001,0.07070707070707072,0.3655316191799861,0.696969696969697,0.0,0.18840579710144928,0.17543859649122803,0.6919831223628692,0.5072463768115942
1172,0.19806094182825487,0.017777777777777778,0.008958566629339308,0.02855910068801577,0.7777777777777778,7.069369365123502e-05,0.7245430809399479,0.015600000000000001,0.08080808080808081,0.23071577484364142,0.797979797979798,0.0,0.18840579710144928,0.17543859649122803,0.6845991561181435,0.5024154589371981
1173,0.1994459833795014,0.017777777777777778,0.01007838745800672,0.2185859588782697,0.7272727272727273,0.002318753151760509,0.7154046997389034,0.015600000000000001,0.7474747474747475,0.26546212647671996,0.7474747474747475,0.0,0.18840579710144928,0.17543859649122803,0.6814345991561181,0.5024154589371981
1174,0.20360110803324102,0.017777777777777778,0.010638297872340427,0.18594354142092945,0.7575757575757577,0.14293322273697706,0.7075718015665797,0.015600000000000001,0.787878787878788,0.32314107018763033,0.787878787878788,0.0,0.1920289855072464,0.17543859649122803,0.6782700421940928,0.497584541062802
1175,0.22991689750692523,0.017777777777777778,0.008958566629339308,0.19247391931853725,0.6666666666666667,0.025892743527992347,0.6984334203655354,0.0152,0.7171717171717172,0.27310632383599726,0.696969696969697,0.0,0.1920289855072464,0.17543859649122803,0.6729957805907173,0.497584541062802
1176,0.31301939058171746,0.017222222222222222,0.007278835386338188,0.1470032328144746,0.5656565656565657,0.001083969969318937,0.689295039164491,0.0152,0.7474747474747475,0.25642807505211956,0.5757575757575758,0.0,0.1920289855072464,0.17543859649122803,0.6708860759493671,0.49275362318840576
1177,0.34349030470914127,0.017222222222222222,0.0011198208286674134,0.7538239338619217,0.595959595959596,0.0022339207193790268,0.6814621409921673,0.0152,0.6363636363636365,0.20847810979847117,0.595959595959596,0.0,0.1920289855072464,0.17543859649122803,0.6656118143459916,0.49275362318840576
1178,0.038781163434903045,0.017222222222222222,0.009518477043673012,0.5928628545775959,0.6565656565656566,0.00427932492235476,0.6723237597911228,0.0148,0.696969696969697,0.28700486448922863,0.6565656565656566,0.0,0.1920289855072464,0.1789473684210526,0.6624472573839663,0.48792270531400966
1179,0.027700831024930747,0.016666666666666666,0.017357222844344905,0.44193524397412337,0.6262626262626263,0.04279796213645768,0.664490861618799,0.0148,0.696969696969697,0.3898540653231411,0.7474747474747475,0.0,0.1920289855072464,0.1789473684210526,0.6360759493670886,0.4734299516908213
1180,0.29362880886426596,0.016666666666666666,0.0033594624860022407,0.0,0.6363636363636365,0.0,0.6566579634464753,0.0148,0.7373737373737375,0.30298818624044477,0.7575757575757577,0.0,0.1956521739130435,0.1789473684210526,0.6497890295358649,0.45410628019323673
1181,0.018005540166204984,0.016666666666666666,0.007838745800671893,0.0,0.6565656565656566,0.0,0.06005221932114883,0.0148,0.7676767676767677,0.21612230715774844,0.7777777777777778,0.0,0.1956521739130435,0.18245614035087718,0.6476793248945147,0.43961352657004826
1182,0.1952908587257618,0.016666666666666666,0.008958566629339308,0.0,0.6666666666666667,0.019266387976416586,0.05352480417754569,0.0148,0.08080808080808081,0.12925642807505214,0.787878787878788,0.0,0.19927536231884058,0.18245614035087718,0.640295358649789,0.42028985507246375
1183,0.19806094182825487,0.016666666666666666,0.010638297872340427,0.0,0.6767676767676768,0.003421574772719775,0.633159268929504,0.0148,0.8383838383838385,0.0423905489923558,0.08080808080808081,0.0,0.19927536231884058,0.18596491228070175,0.6360759493670886,0.4154589371980676
1184,0.08725761772853186,0.0,0.601343784994401,0.0,0.9595959595959597,1.885165164032934e-05,0.8067885117493473,0.0,0.9595959595959597,0.0,0.9595959595959597,0.0,0.007246376811594202,0.0035087719298245615,0.9704641350210971,0.8985507246376813
1185,0.09002770083102493,0.0,0.601343784994401,0.7476007323653057,0.9595959595959597,0.00015552612603271705,0.797650130548303,0.0,0.9696969696969697,0.5406532314107019,0.9696969696969697,0.0,0.007246376811594202,0.0035087719298245615,0.959915611814346,0.8985507246376813
1186,0.09141274238227147,0.0,0.5867861142217246,0.7047156515150234,0.9595959595959597,0.00024035855841419908,0.787206266318538,0.0,0.9696969696969697,0.5628908964558721,0.9696969696969697,0.0,0.007246376811594202,0.0035087719298245615,0.9514767932489452,0.8985507246376813
1187,0.09418282548476455,0.0,0.6427771556550953,0.6627632010868939,0.9595959595959597,0.0005042816813788098,0.07180156657963448,0.0,0.9595959595959597,0.5781792911744268,0.9595959595959597,0.0,0.007246376811594202,0.0035087719298245615,0.9440928270042194,0.893719806763285
1188,0.008310249307479223,0.0,0.6556550951847705,0.06397511512149542,0.9595959595959597,0.0013431801793734653,0.7663185378590079,0.0,0.9595959595959597,0.56636553161918,0.9595959595959597,0.0,0.007246376811594202,0.0035087719298245615,0.9588607594936709,0.893719806763285
1189,0.09279778393351801,0.0,0.6646136618141099,0.45166882197684893,0.4646464646464647,0.0020878204191664743,0.7558746736292429,0.0,0.9494949494949496,0.6087560806115359,0.9494949494949496,0.0,0.007246376811594202,0.0035087719298245615,0.9567510548523207,0.8792270531400965
1190,0.10526315789473684,0.0,0.6382978723404256,0.7633420088426163,0.0,0.0007729177172535029,0.7467362924281986,0.0,0.9494949494949496,0.6622654621264767,0.9494949494949496,0.0,0.007246376811594202,0.0035087719298245615,0.9588607594936709,0.8647342995169082
1191,0.10249307479224376,0.0,0.708286674132139,0.9543980003035507,0.0,0.0002686360358746931,0.7362924281984335,0.0,0.9393939393939394,0.600416956219597,0.9393939393939394,0.0,0.007246376811594202,0.0035087719298245615,0.9578059071729959,0.8647342995169082
1192,0.10249307479224376,0.0,0.7603583426651737,0.9813747258638844,0.0,0.00030162642624526943,0.7258485639686685,0.0,0.9292929292929294,0.5260597637248089,0.9292929292929294,0.0,0.007246376811594202,0.0035087719298245615,0.9514767932489452,0.8502415458937199
1193,0.10664819944598337,0.0,0.751959686450168,0.9142017290136298,0.0,0.00041002342317716315,0.7154046997389034,0.0,0.9191919191919192,0.501737317581654,0.9191919191919192,0.0,0.007246376811594202,0.0035087719298245615,0.9451476793248945,0.8502415458937199
1194,0.10664819944598337,0.0,0.7446808510638299,0.09752907530217117,0.0,0.0004477267264578218,0.7062663185378592,0.0,0.09090909090909091,0.5052119527449618,0.09090909090909091,0.0,0.007246376811594202,0.0035087719298245615,0.9377637130801688,0.8454106280193237
1195,0.11218836565096953,0.0,0.7452407614781635,0.8053510307246818,0.0,0.0015741129119675,0.6971279373368147,0.0,0.8989898989898991,0.5100764419735928,0.8989898989898991,0.0,0.007246376811594202,0.0035087719298245615,0.9282700421940928,0.8260869565217391
1196,0.11218836565096953,0.0,0.7407614781634939,0.6763295482064354,0.0,0.0027523411394880836,0.6866840731070497,0.0,0.8686868686868687,0.521195274496178,0.8686868686868687,0.0,0.007246376811594202,0.0035087719298245615,0.9177215189873418,0.8115942028985508
1197,0.12049861495844875,0.0,0.7928331466965286,0.5100801131032504,0.0,0.0011452378371500074,0.6775456919060053,0.0,0.8383838383838385,0.4760250173731758,0.8383838383838385,0.0,0.007246376811594202,0.007017543859649122,0.9092827004219409,0.7971014492753623
1198,0.12188365650969529,0.0,0.7984322508398657,0.42716282229625546,0.0,0.0011358120113298426,0.668407310704961,0.0,0.8484848484848485,0.4586518415566366,0.8484848484848485,0.0,0.007246376811594202,0.007017543859649122,0.9040084388185654,0.7922705314009661
1199,0.128808864265928,0.0,0.7872340425531916,0.3800853613008003,0.0,0.0,0.6592689295039166,0.0,0.8686868686868687,0.43780403057678946,0.8686868686868687,0.0,0.007246376811594202,0.007017543859649122,0.8945147679324894,0.7826086956521738
1200,0.07894736842105263,0.0,0.14613661814109744,0.0,0.9696969696969697,0.0003770330328065868,0.8342036553524806,0.0004,0.9595959595959597,0.5427380125086866,0.9595959595959597,0.0,0.03985507246376811,0.03508771929824562,0.9472573839662447,0.7729468599033816
1201,0.006925207756232688,0.0005555555555555556,0.14613661814109744,0.043555227723368485,0.9797979797979799,2.8277477460494007e-05,0.8302872062663186,0.0004,0.9595959595959597,0.5427380125086866,0.9595959595959597,0.0,0.03985507246376811,0.03508771929824562,0.9440928270042194,0.7729468599033816
1202,0.08310249307479224,0.0005555555555555556,0.15005599104143338,0.42869698486380703,0.9797979797979799,0.00023564564550411675,0.8250652741514362,0.0004,0.9696969696969697,0.5482974287699791,0.9696969696969697,0.0,0.03985507246376811,0.03508771929824562,0.939873417721519,0.7681159420289855
1203,0.006925207756232688,0.0005555555555555556,0.15509518477043674,0.3836515586221456,0.9797979797979799,0.0009944246240273726,0.8198433420365536,0.0004,0.9494949494949496,0.5371785962473941,0.9494949494949496,0.0,0.03985507246376811,0.03508771929824562,0.9377637130801688,0.7681159420289855
1204,0.08310249307479224,0.0005555555555555556,0.14893617021276598,0.37994314271238255,0.98989898989899,0.0003299039037057634,0.8146214099216711,0.0004,0.9494949494949496,0.5135510771369006,0.9494949494949496,0.0,0.03985507246376811,0.03508771929824562,0.9314345991561181,0.7632850241545894
1205,0.08310249307479224,0.0005555555555555556,0.14669652855543114,0.4100876538369322,0.9797979797979799,0.0001083969969318937,0.8093994778067887,0.0004,0.9595959595959597,0.5114662960389159,0.9595959595959597,0.0,0.03985507246376811,0.03508771929824562,0.9261603375527426,0.7584541062801932
1206,0.08587257617728532,0.0005555555555555556,0.1422172452407615,0.5095053269940294,0.98989898989899,2.3564564550411675e-05,0.8041775456919061,0.0004,0.9696969696969697,0.5184155663655317,0.9696969696969697,0.0,0.03985507246376811,0.03508771929824562,0.9240506329113924,0.7536231884057971
1207,0.0886426592797784,0.0005555555555555556,0.13773796192609186,0.4723327706236526,1.0,0.0043877219192866536,0.797650130548303,0.0004,0.9494949494949496,0.5093815149409312,0.9494949494949496,0.0,0.036231884057971016,0.03508771929824562,0.9251054852320675,0.7632850241545894
1208,0.09279778393351801,0.0005555555555555556,0.12989921612541994,0.004352283717264039,1.0,0.0025402600585343786,0.7911227154046999,0.0004,0.9595959595959597,0.5121612230715775,0.9595959595959597,0.0,0.036231884057971016,0.03508771929824562,0.919831223628692,0.7584541062801932
1209,0.09279778393351801,0.0005555555555555556,0.12430011198208288,0.3364172197475831,0.9696969696969697,4.241621619074101e-05,0.7845953002610967,0.0004,0.9494949494949496,0.5128561501042391,0.9595959595959597,0.0,0.036231884057971016,0.03508771929824562,0.9177215189873418,0.7584541062801932
1210,0.09695290858725762,0.0005555555555555556,0.13437849944008962,0.25134910676437194,0.9696969696969697,9.42582582016467e-06,0.0731070496083551,0.0004,0.9595959595959597,0.5170257123002086,0.9393939393939394,0.0,0.036231884057971016,0.03508771929824562,0.9135021097046413,0.7632850241545894
1211,0.09418282548476455,0.0005555555555555556,0.12430011198208288,0.1898475647210496,1.0,0.0005466978975695509,0.06657963446475196,0.0004,0.9595959595959597,0.5107713690062543,0.9595959595959597,0.0,0.036231884057971016,0.03508771929824562,0.9103375527426161,0.7681159420289855
1212,0.09695290858725762,0.0005555555555555556,0.12933930571108623,0.17346182054630258,0.98989898989899,0.0005844012008502095,0.7650130548302874,0.0004,0.9393939393939394,0.5170257123002086,0.9393939393939394,0.0,0.036231884057971016,0.03508771929824562,0.9103375527426161,0.7729468599033816
1213,0.10110803324099724,0.0005555555555555556,0.13773796192609186,0.17040077322100552,0.98989898989899,9.42582582016467e-06,0.7597911227154048,0.0004,0.9191919191919192,0.5205003474635164,0.09090909090909091,0.0,0.036231884057971016,0.03508771929824562,0.9018987341772152,0.7391304347826088
1214,0.10110803324099724,0.0005555555555555556,0.14109742441209405,0.22310142267450048,0.9696969696969697,8.954534529156437e-05,0.7532637075718017,0.0004,0.9393939393939394,0.5288394718554552,0.9292929292929294,0.0,0.036231884057971016,0.03508771929824562,0.8966244725738396,0.7294685990338164
1215,0.1038781163434903,0.0005555555555555556,0.14109742441209405,0.20026457892684865,0.98989898989899,0.00016966486476296404,0.7480417754569191,0.0004,0.9393939393939394,0.49548297428769983,0.9393939393939394,0.0,0.036231884057971016,0.03508771929824562,0.8913502109704641,0.7342995169082125
1216,0.07617728531855955,0.0005555555555555556,0.4227323628219485,0.0,0.9393939393939394,0.0007493531527030912,0.8172323759791124,0.0008,0.9393939393939394,0.6428075052119527,0.9393939393939394,0.0,0.018115942028985504,0.017543859649122806,0.929324894514768,0.7874396135265701
1217,0.07756232686980609,0.0011111111111111111,0.4227323628219485,0.4839631131579139,0.9595959595959597,0.0,0.8107049608355092,0.0008,0.9595959595959597,0.6428075052119527,0.9595959595959597,0.0,0.018115942028985504,0.017543859649122806,0.9251054852320675,0.7874396135265701
1218,0.07894736842105263,0.0011111111111111111,0.41097424412094063,0.48399036292534664,0.9696969696969697,0.0,0.8041775456919061,0.0008,0.9696969696969697,0.6407227241139681,0.9696969696969697,0.0,0.014492753623188406,0.017543859649122806,0.9240506329113924,0.7971014492753623
1219,0.006925207756232688,0.0011111111111111111,0.41881298992161253,0.48018288784863167,0.9696969696969697,0.0017720552541909578,0.797650130548303,0.0008,0.9696969696969697,0.6448922863099374,0.9797979797979799,0.0,0.014492753623188406,0.017543859649122806,0.9251054852320675,0.8019323671497585
1220,0.006925207756232688,0.0011111111111111111,0.39025755879059354,0.5448683159250848,0.9696969696969697,0.024455305090417236,0.7898172323759792,0.0008,0.9696969696969697,0.644197359277276,0.9696969696969697,0.0,0.014492753623188406,0.014035087719298244,0.919831223628692,0.7922705314009661
1221,0.006925207756232688,0.0011111111111111111,0.3885778275475924,0.5228296511284268,0.9696969696969697,0.0017532036025506286,0.7832898172323761,0.0008,0.9696969696969697,0.6546212647671995,0.9696969696969697,0.0,0.014492753623188406,0.014035087719298244,0.9166666666666666,0.7922705314009661
1222,0.08310249307479224,0.0011111111111111111,0.4053751399776036,0.5251983435330263,0.9696969696969697,0.0016542324314388994,0.07180156657963448,0.0008,0.9696969696969697,0.6539263377345379,0.9696969696969697,0.0,0.014492753623188406,0.014035087719298244,0.9156118143459916,0.7874396135265701
1223,0.08310249307479224,0.0011111111111111111,0.44512877939529677,0.6648812332531964,0.9696969696969697,0.007620780175603135,0.7689295039164492,0.0008,0.9696969696969697,0.6177901320361363,0.9696969696969697,0.0,0.014492753623188406,0.014035087719298244,0.9135021097046413,0.7874396135265701
1224,0.08587257617728532,0.0011111111111111111,0.4680851063829787,0.5237464419120857,0.9797979797979799,0.0015128450441364294,0.762402088772846,0.0008,0.9797979797979799,0.5892981236970118,0.9797979797979799,0.0,0.014492753623188406,0.014035087719298244,0.9092827004219409,0.7777777777777778
1225,0.0886426592797784,0.0011111111111111111,0.4720044792833146,0.47397369416764434,0.9696969696969697,0.002068968767526145,0.7545691906005223,0.0008,0.9797979797979799,0.6129256428075053,0.9696969696969697,0.0,0.014492753623188406,0.014035087719298244,0.9029535864978903,0.7729468599033816
1226,0.09002770083102493,0.0011111111111111111,0.48376259798432253,0.45137044559760997,0.9696969696969697,0.0006362432428611152,0.7467362924281986,0.0008,0.9797979797979799,0.605281445448228,0.9595959595959597,0.0,0.014492753623188406,0.014035087719298244,0.8976793248945147,0.7632850241545894
1227,0.09002770083102493,0.0011111111111111111,0.5022396416573349,0.4277974374350479,0.9696969696969697,0.0028230348331393187,0.7389033942558748,0.0012000000000000001,0.9797979797979799,0.5899930507296735,0.9494949494949496,0.0,0.014492753623188406,0.014035087719298244,0.8924050632911392,0.7536231884057971
1228,0.09833795013850416,0.0011111111111111111,0.5201567749160135,0.35250755774450293,0.9595959595959597,0.0517572095785242,0.731070496083551,0.0012000000000000001,0.9797979797979799,0.5677553856845031,0.9696969696969697,0.0,0.014492753623188406,0.014035087719298244,0.8871308016877637,0.7439613526570048
1229,0.09833795013850416,0.0011111111111111111,0.5173572228443449,0.2888100840855886,0.9595959595959597,0.04423068766112271,0.7232375979112272,0.0012000000000000001,0.9696969696969697,0.5719249478804727,0.9393939393939394,0.0,0.014492753623188406,0.014035087719298244,0.8818565400843882,0.7342995169082125
1230,0.10249307479224376,0.0011111111111111111,0.541993281075028,0.0031273910053127513,0.9595959595959597,0.0,0.714099216710183,0.0012000000000000001,0.9696969696969697,0.5635858234885337,0.9393939393939394,0.0,0.014492753623188406,0.014035087719298244,0.8734177215189873,0.7198067632850241
1231,0.10526315789473684,0.0016666666666666666,0.5470324748040314,0.3155789872985029,0.9494949494949496,0.006866714109989962,0.7049608355091385,0.0012000000000000001,0.9797979797979799,0.5496872828353023,0.8787878787878789,0.0,0.014492753623188406,0.014035087719298244,0.8681434599156118,0.7149758454106281
1232,0.17174515235457066,0.0005555555555555556,0.21388577827547595,0.0,0.9191919191919192,0.0,0.6945169712793735,0.0004,0.9191919191919192,0.37248088950660185,0.9191919191919192,0.007920792079207921,0.06159420289855072,0.056140350877192984,0.7689873417721519,0.6183574879227054
1233,0.18282548476454294,0.0005555555555555556,0.21388577827547595,0.4280117563029936,0.9292929292929294,0.0,0.6853785900783291,0.0004,0.9393939393939394,0.37248088950660185,0.9292929292929294,0.007920792079207921,0.06159420289855072,0.056140350877192984,0.7668776371308017,0.6183574879227054
1234,0.18698060941828257,0.0005555555555555556,0.2116461366181411,0.5466309811666293,0.9393939393939394,0.0,0.6749347258485641,0.0004,0.8686868686868687,0.4107018763029882,0.9393939393939394,0.009900990099009901,0.06159420289855072,0.056140350877192984,0.7668776371308017,0.6183574879227054
1235,0.18975069252077564,0.0005555555555555556,0.2038073908174692,0.3723252875651461,0.9696969696969697,0.0,0.6657963446475197,0.0004,0.9696969696969697,0.39332870048644897,0.9696969696969697,0.007920792079207921,0.06159420289855072,0.056140350877192984,0.7647679324894514,0.6183574879227054
1236,0.19113573407202217,0.0005555555555555556,0.1998880179171333,0.33230133062752504,0.9292929292929294,4.712912910082335e-06,0.6553524804177547,0.0004,0.9393939393939394,0.36205698401667824,0.9292929292929294,0.009900990099009901,0.06159420289855072,0.056140350877192984,0.7616033755274262,0.6183574879227054
1237,0.18975069252077564,0.0005555555555555556,0.19820828667413215,0.39728269145074685,0.9494949494949496,0.0,0.05874673629242821,0.0004,0.9494949494949496,0.3683113273106324,0.9494949494949496,0.007920792079207921,0.06159420289855072,0.056140350877192984,0.760548523206751,0.6135265700483091
1238,0.1952908587257618,0.0005555555555555556,0.1858902575587906,0.2360963467345092,0.09090909090909091,0.0,0.6357702349869453,0.0004,0.09090909090909091,0.3585823488533704,0.09090909090909091,0.009900990099009901,0.06521739130434782,0.056140350877192984,0.760548523206751,0.6135265700483091
1239,0.1994459833795014,0.0005555555555555556,0.1959686450167973,0.31818264724538936,0.9292929292929294,9.42582582016467e-06,0.6253263707571802,0.0004,0.9191919191919192,0.3752605976372481,0.9191919191919192,0.005940594059405941,0.06521739130434782,0.056140350877192984,0.7573839662447257,0.608695652173913
1240,0.20360110803324102,0.0005555555555555556,0.20324748040313553,0.25665846033361606,0.9292929292929294,0.0,0.6148825065274153,0.0004,0.9494949494949496,0.33842946490618486,0.9292929292929294,0.015841584158415842,0.06521739130434782,0.056140350877192984,0.7531645569620253,0.6038647342995169
1241,0.019390581717451522,0.0005555555555555556,0.2026875699888018,0.01944133890219384,0.9797979797979799,0.0,0.6031331592689296,0.0004,1.0,0.29325920778318276,0.9595959595959597,0.02772277227722772,0.06521739130434782,0.056140350877192984,0.7478902953586497,0.6038647342995169
1242,0.221606648199446,0.0005555555555555556,0.20044792833146696,0.17003174775699303,1.0,0.0,0.5913838120104439,0.0004,1.0,0.3266157053509382,1.0,0.03564356435643564,0.06521739130434782,0.056140350877192984,0.7447257383966245,0.5990338164251208
1243,0.22714681440443216,0.0005555555555555556,0.20492721164613664,0.19264052495033446,0.98989898989899,0.0,0.5796344647519583,0.0004,0.9797979797979799,0.3335649756775539,0.98989898989899,0.04356435643564356,0.06521739130434782,0.05964912280701755,0.7267932489451476,0.536231884057971
1244,0.22853185595567868,0.0005555555555555556,0.1942889137737962,0.1558456434171233,0.36363636363636365,0.0,0.5678851174934727,0.0004,1.0,0.31688672689367614,0.9696969696969697,0.04356435643564356,0.06521739130434782,0.05964912280701755,0.7320675105485231,0.5748792270531401
1245,0.22991689750692523,0.0005555555555555556,0.20996640537513997,0.21146328748083076,0.0,0.0,0.5548302872062664,0.0004,1.0,0.3377345378735233,1.0,0.04356435643564356,0.06884057971014493,0.05964912280701755,0.7278481012658228,0.5652173913043478
1246,0.23545706371191136,0.0005555555555555556,0.2172452407614782,0.16050310303416176,0.0,0.0,0.5417754569190601,0.0004,1.0,0.3710910354412787,1.0,0.041584158415841586,0.06884057971014493,0.05964912280701755,0.7172995780590717,0.5265700483091788
1247,0.23545706371191136,0.0005555555555555556,0.1931690929451288,0.24868666691918537,0.0,0.0,0.5300261096605745,0.0004,0.9595959595959597,0.40375260597637247,0.9393939393939394,0.041584158415841586,0.06884057971014493,0.06315789473684211,0.719409282700422,0.5507246376811594
1248,0.07479224376731301,0.0011111111111111111,0.0,0.0,0.0,0.0001649519518528817,0.36553524804177545,0.0012000000000000001,1.0,0.08547602501737318,0.9696969696969697,0.0,0.07246376811594203,0.05964912280701755,0.9514767932489452,0.7391304347826088
1249,0.07756232686980609,0.0011111111111111111,0.0,0.8898045754503657,0.0,0.0021773657644580387,0.360313315926893,0.0012000000000000001,1.0,0.08547602501737318,0.9696969696969697,0.0,0.06884057971014493,0.056140350877192984,0.9483122362869199,0.7391304347826088
1250,0.07617728531855955,0.0011111111111111111,0.42217245240761475,0.9459037872948655,0.0,0.0010792570564088547,0.35509138381201044,0.0012000000000000001,1.0,0.08686587908269633,0.9696969696969697,0.0,0.06884057971014493,0.056140350877192984,0.9430379746835443,0.7391304347826088
1251,0.07894736842105263,0.0011111111111111111,0.41321388577827545,0.12178789007944844,0.0,0.0010745441434987723,0.34986945169712796,0.0012000000000000001,1.0,0.08130646282140375,0.9797979797979799,0.0,0.06521739130434782,0.056140350877192984,0.9377637130801688,0.7391304347826088
1252,0.08725761772853186,0.0016666666666666666,0.41321388577827545,0.951442972731531,0.0,0.0020454042029757332,0.34464751958224543,0.0016,0.9696969696969697,0.118137595552467,0.9797979797979799,0.0,0.06521739130434782,0.052631578947368425,0.9324894514767933,0.7294685990338164
1253,0.08448753462603878,0.0016666666666666666,0.38577827547592386,0.8644326315929347,0.0,0.0021208108095370506,0.3381201044386423,0.0016,0.98989898989899,0.6657400972897847,0.9797979797979799,0.0,0.06521739130434782,0.052631578947368425,0.9272151898734177,0.7294685990338164
1254,0.08725761772853186,0.0016666666666666666,0.39641657334826425,0.9006648011415863,0.0,0.00349226846637101,0.33159268929503916,0.0016,1.0,0.6608756080611536,0.9797979797979799,0.0,0.06159420289855072,0.052631578947368425,0.929324894514768,0.7246376811594203
1255,0.09002770083102493,0.0016666666666666666,0.3975363941769317,0.7325263531986693,0.0,0.05191273570455692,0.32506527415143605,0.0016,0.98989898989899,0.5976372480889507,0.98989898989899,0.0,0.06159420289855072,0.04912280701754386,0.9282700421940928,0.7246376811594203
1256,0.09141274238227147,0.0016666666666666666,0.4076147816349384,0.661090452124753,0.0,0.0,0.3185378590078329,0.0016,0.9797979797979799,0.5733148019457958,0.98989898989899,0.0,0.06159420289855072,0.04912280701754386,0.9251054852320675,0.7246376811594203
1257,0.09279778393351801,0.0016666666666666666,0.41881298992161253,0.6512884504095524,0.0,0.0024507147132428143,0.31201044386422977,0.0016,0.9595959595959597,0.5691452397498262,0.98989898989899,0.0,0.057971014492753624,0.04912280701754386,0.9208860759493671,0.7198067632850241
1258,0.09418282548476455,0.0016666666666666666,0.4468085106382979,0.6810903742983242,0.0,0.0,0.3054830287206266,0.0016,0.9595959595959597,0.5684503127171647,0.98989898989899,0.0,0.057971014492753624,0.04912280701754386,0.9177215189873418,0.7198067632850241
1259,0.09279778393351801,0.0016666666666666666,0.4305711086226204,0.6757432380803383,0.0,0.04124741378904059,0.2976501305483029,0.0016,0.9797979797979799,0.5767894371091036,1.0,0.0,0.057971014492753624,0.045614035087719294,0.9135021097046413,0.7149758454106281
1260,0.008310249307479223,0.0016666666666666666,0.43784994400895855,0.5796820157219024,0.0,0.03905119637294223,0.2924281984334204,0.002,0.9797979797979799,0.5559416261292565,0.9797979797979799,0.0,0.057971014492753624,0.045614035087719294,0.9103375527426161,0.7149758454106281
1261,0.008310249307479223,0.0016666666666666666,0.4400895856662934,0.5258927444299839,0.0,0.1593530113157039,0.2859007832898172,0.002,0.8989898989898991,0.5455177206393329,0.9696969696969697,0.0,0.057971014492753624,0.045614035087719294,0.9071729957805907,0.7101449275362318
1262,0.09833795013850416,0.0022222222222222222,0.44904815229563266,0.05495580860607829,0.0,0.10628561194817682,0.28067885117493474,0.002,0.8181818181818182,0.5385684503127172,0.9595959595959597,0.0,0.057971014492753624,0.045614035087719294,0.9029535864978903,0.7053140096618358
1263,0.10110803324099724,0.0022222222222222222,0.44568868980963045,0.59360923645331,0.0,0.10602640173812229,0.27676240208877284,0.002,0.98989898989899,0.5232800555941627,0.8585858585858587,0.0,0.05434782608695653,0.045614035087719294,0.8987341772151899,0.7004830917874396
1264,0.15373961218836565,0.0022222222222222222,0.022396416573348264,0.0,1.0,0.0,0.8433420365535248,0.0016,1.0,0.51772063933287,1.0,0.0,0.14130434782608697,0.13684210526315788,0.7816455696202531,0.6328502415458936
1265,0.1551246537396122,0.0022222222222222222,0.022396416573348264,0.0639840383465577,0.98989898989899,9.42582582016467e-05,0.8328981723237598,0.0016,0.98989898989899,0.51772063933287,0.98989898989899,0.0,0.13768115942028986,0.1333333333333333,0.7774261603375527,0.6328502415458936
1266,0.15650969529085873,0.0022222222222222222,0.02183650615901456,0.5475270420418951,0.98989898989899,0.0005655495492098802,0.8224543080939949,0.0016,0.98989898989899,0.5024322446143156,0.98989898989899,0.0,0.13768115942028986,0.1333333333333333,0.7774261603375527,0.6328502415458936
1267,0.15789473684210528,0.0022222222222222222,0.022396416573348264,0.6781361633739325,0.98989898989899,1.4138738730247004e-05,0.8120104438642299,0.0016,0.98989898989899,0.5559416261292565,0.98989898989899,0.0,0.13768115942028986,0.1333333333333333,0.7753164556962026,0.6231884057971014
1268,0.1592797783933518,0.0022222222222222222,0.02351623740201568,0.6898006354285611,0.98989898989899,0.0,0.8015665796344649,0.0016,0.98989898989899,0.5830437804030577,0.98989898989899,0.0,0.13405797101449277,0.1333333333333333,0.7774261603375527,0.6328502415458936
1269,0.16066481994459836,0.0022222222222222222,0.027995520716685332,0.7171543538005853,0.98989898989899,0.0,0.7924281984334205,0.0016,0.98989898989899,0.5851285615010424,0.98989898989899,0.0,0.13405797101449277,0.12982456140350876,0.7795358649789029,0.6376811594202898
1270,0.16204986149584488,0.0022222222222222222,0.03247480403135498,0.6698501167804455,0.98989898989899,0.0,0.07702349869451698,0.0016,0.98989898989899,0.6629603891591382,0.98989898989899,0.0,0.13405797101449277,0.12982456140350876,0.7827004219409283,0.6570048309178743
1271,0.16343490304709143,0.0022222222222222222,0.0335946248600224,0.5361634146396376,0.9797979797979799,9.42582582016467e-06,0.06657963446475196,0.0016,0.98989898989899,0.610145934676859,0.9797979797979799,0.0,0.13405797101449277,0.12982456140350876,0.7795358649789029,0.6570048309178743
1272,0.015235457063711912,0.0022222222222222222,0.03303471444568869,0.3738798389782707,0.98989898989899,0.00019322942931337573,0.7610966057441254,0.0016,0.98989898989899,0.5802640722724114,0.98989898989899,0.0,0.13405797101449277,0.12982456140350876,0.7763713080168776,0.6570048309178743
1273,0.1662049861495845,0.0022222222222222222,0.03247480403135498,0.3138805656714563,0.98989898989899,4.712912910082335e-06,0.751958224543081,0.0016,0.98989898989899,0.6115357887421822,0.98989898989899,0.0,0.13768115942028986,0.12982456140350876,0.7732067510548523,0.6618357487922705
1274,0.17451523545706374,0.0022222222222222222,0.03023516237402016,0.27487883230215876,0.9595959595959597,0.00013196156148230539,0.741514360313316,0.0016,0.9595959595959597,0.6170952050034747,0.9595959595959597,0.0,0.13768115942028986,0.12982456140350876,0.770042194092827,0.6666666666666667
1275,0.17174515235457066,0.0022222222222222222,0.029675251959686455,0.32578997822569716,0.9595959595959597,9.897117111172903e-05,0.731070496083551,0.0016,0.9595959595959597,0.660180681028492,0.9595959595959597,0.0,0.13768115942028986,0.12982456140350876,0.7626582278481012,0.6521739130434783
1276,0.17451523545706374,0.0022222222222222222,0.029675251959686455,0.2291619727645624,0.9797979797979799,0.00035818138116625747,0.7219321148825066,0.0016,0.9797979797979799,0.6358582348853371,0.9797979797979799,0.0,0.13768115942028986,0.1333333333333333,0.7563291139240506,0.6376811594202898
1277,0.1772853185595568,0.0022222222222222222,0.029675251959686455,0.25958560439239886,0.9595959595959597,8.954534529156437e-05,0.7114882506527416,0.0016,0.9595959595959597,0.6726893676164003,0.9595959595959597,0.0,0.13768115942028986,0.1333333333333333,0.751054852320675,0.6280193236714976
1278,0.18005540166204986,0.0022222222222222222,0.03023516237402016,0.02491085406932201,0.9797979797979799,0.0002874876875150224,0.7023498694516972,0.0016,0.9797979797979799,0.6879777623349549,1.0,0.0,0.14130434782608697,0.1333333333333333,0.7447257383966245,0.6135265700483091
1279,0.18282548476454294,0.0022222222222222222,0.02687569988801792,0.022767232074810413,0.9393939393939394,0.00015081321312263471,0.6919060052219322,0.0016,0.9494949494949496,0.6706045865184156,0.9191919191919192,0.0,0.14130434782608697,0.13684210526315788,0.7383966244725738,0.608695652173913
1280,0.27285318559556787,0.0022222222222222222,0.3516237402015677,0.0,0.98989898989899,0.002478992190703308,0.6801566579634466,0.002,0.98989898989899,0.30298818624044477,0.98989898989899,0.0,0.08333333333333333,0.08421052631578947,0.8364978902953587,0.7246376811594203
1281,0.029085872576177285,0.002777777777777778,0.3516237402015677,0.2448514235193196,0.9595959595959597,0.0015128450441364294,0.6697127937336815,0.002,0.9595959595959597,0.30298818624044477,0.9595959595959597,0.0,0.08333333333333333,0.08421052631578947,0.8322784810126582,0.7246376811594203
1282,0.037396121883656507,0.002777777777777778,0.3622620380739082,0.026450915070439757,1.0,0.00034404264243601045,0.6579634464751959,0.0024000000000000002,0.98989898989899,0.29881862404447534,0.98989898989899,0.0,0.08333333333333333,0.08421052631578947,0.8248945147679325,0.7246376811594203
1283,0.2950138504155125,0.003333333333333333,0.38129899216125424,0.23574563288823858,0.9595959595959597,0.0002592102100545284,0.06005221932114883,0.0028,0.98989898989899,0.3002084781097985,1.0,0.0,0.08333333333333333,0.08421052631578947,0.8164556962025317,0.7101449275362318
1284,0.30886426592797783,0.0038888888888888888,0.37066069428891374,0.017946628738806297,1.0,0.0005985399395804566,0.6383812010443864,0.0028,1.0,0.31966643502432246,1.0,0.0,0.07971014492753623,0.08421052631578947,0.8080168776371308,0.6956521739130435
1285,0.3254847645429363,0.0038888888888888888,0.3818589025755879,0.011170059577581633,1.0,1.885165164032934e-05,0.6292428198433422,0.0032,0.98989898989899,0.3071577484364142,1.0,0.0,0.07971014492753623,0.08421052631578947,0.8048523206751055,0.7004830917874396
1286,0.32409972299168976,0.0038888888888888888,0.37122060470324747,0.08095792657373814,1.0,0.0,0.6201044386422977,0.0032,1.0,0.28700486448922863,0.98989898989899,0.0,0.07971014492753623,0.08421052631578947,0.79957805907173,0.7053140096618358
1287,0.3559556786703601,0.0044444444444444444,0.4249720044792833,0.7094993909183465,1.0,9.42582582016467e-05,0.612271540469974,0.0036000000000000003,1.0,0.25364836692147325,1.0,0.0,0.08333333333333333,0.08421052631578947,0.79957805907173,0.7053140096618358
1288,0.39750692520775627,0.0044444444444444444,0.41601343784994405,0.05005564277643702,0.9494949494949496,6.126786783107035e-05,0.6044386422976502,0.0036000000000000003,0.9494949494949496,0.22168172341904102,0.9393939393939394,0.0,0.08333333333333333,0.08421052631578947,0.7953586497890295,0.7101449275362318
1289,0.407202216066482,0.0044444444444444444,0.39585666293393057,0.7632463990678344,1.0,0.0005137075071989745,0.5979112271540471,0.0036000000000000003,1.0,0.2592077831827658,1.0,0.0,0.08333333333333333,0.08421052631578947,0.7879746835443038,0.6908212560386474
1290,0.40581717451523547,0.0044444444444444444,0.3880179171332587,0.35244192463707064,0.9494949494949496,0.07596273028470707,0.5913838120104439,0.0036000000000000003,1.0,0.3266157053509382,0.98989898989899,0.0,0.08333333333333333,0.08421052631578947,0.7774261603375527,0.6714975845410628
1291,0.3961218836565097,0.0044444444444444444,0.3661814109742441,0.3397266335259841,1.0,0.010387260053821465,0.5848563968668408,0.0036000000000000003,1.0,0.2744961779013204,0.8282828282828284,0.0,0.08695652173913043,0.08771929824561403,0.7647679324894514,0.6521739130434783
1292,0.389196675900277,0.0044444444444444444,0.36786114221724525,0.2347274222420194,1.0,0.00011310990984197603,0.5783289817232377,0.0036000000000000003,1.0,0.2571230020847811,1.0,0.0,0.08695652173913043,0.08771929824561403,0.7531645569620253,0.6328502415458936
1293,0.3808864265927978,0.0044444444444444444,0.3348264277715566,0.14534209561400596,0.9595959595959597,8.483243238148202e-05,0.5718015665796345,0.0036000000000000003,0.9595959595959597,0.250868658790827,0.9595959595959597,0.0,0.09057971014492754,0.08771929824561403,0.7383966244725738,0.6135265700483091
1294,0.3919667590027701,0.0044444444444444444,0.3213885778275476,0.12629681198027548,0.9595959595959597,0.00044301381354773945,0.566579634464752,0.004,0.9595959595959597,0.241139680333565,0.9595959595959597,0.0,0.09057971014492754,0.0912280701754386,0.7225738396624473,0.5942028985507246
1295,0.4030470914127424,0.005,0.33538633818589025,0.011272717883815555,1.0,0.001154663662970172,0.5600522193211489,0.004,0.9696969696969697,0.2890896455872134,0.9797979797979799,0.0,0.09420289855072464,0.0912280701754386,0.7130801687763714,0.5845410628019323
1296,0.34349030470914127,0.03,0.0,0.0,0.8989898989898991,0.0004477267264578218,0.27415143603133163,0.030000000000000002,0.8383838383838385,0.39749826268241834,0.8989898989898991,0.05346534653465346,0.2789855072463768,0.2631578947368421,0.580168776371308,0.536231884057971
1297,0.3518005540166205,0.03111111111111111,0.0,0.1712452504732292,0.9292929292929294,0.0016683711701691464,0.26501305483028725,0.0316,0.9393939393939394,0.39749826268241834,0.9292929292929294,0.05544554455445544,0.2789855072463768,0.26666666666666666,0.5759493670886077,0.536231884057971
1298,0.3559556786703601,0.03222222222222222,0.10246360582306832,0.1662047679937399,0.9393939393939394,0.0008954534529156436,0.022193211488250653,0.0324,0.9494949494949496,0.38707435719249483,0.8787878787878789,0.05742574257425742,0.28260869565217395,0.26666666666666666,0.5706751054852321,0.536231884057971
1299,0.36288088642659283,0.03277777777777778,0.1007838745800672,0.15448189496611178,0.9494949494949496,0.0,0.014360313315926894,0.033600000000000005,0.9494949494949496,0.38151494093120225,0.9494949494949496,0.05742574257425742,0.286231884057971,0.2701754385964912,0.5654008438818565,0.536231884057971
1300,0.38365650969529086,0.03333333333333333,0.1002239641657335,0.10988651779321842,0.9696969696969697,0.011287426419647192,0.2415143603133159,0.0344,0.9797979797979799,0.36344683808200146,0.9696969696969697,0.06534653465346535,0.28985507246376807,0.27368421052631575,0.559071729957806,0.536231884057971
1301,0.40581717451523547,0.03388888888888889,0.09630459126539755,0.5668338084732569,0.09090909090909091,0.0004477267264578218,0.23368146214099217,0.0356,0.09090909090909091,0.2758860319666435,0.09090909090909091,0.08316831683168316,0.2934782608695652,0.2771929824561403,0.5516877637130801,0.536231884057971
1302,0.43767313019390586,0.034444444444444444,0.10358342665173574,0.715866459724091,0.888888888888889,0.005740327924480284,0.22715404699738903,0.0364,0.8989898989898991,0.28978457261987495,0.888888888888889,0.09702970297029703,0.2934782608695652,0.2807017543859649,0.5421940928270043,0.5169082125603864
1303,0.46814404432132967,0.035555555555555556,0.09518477043673013,0.060615377799429264,0.888888888888889,0.006041954350725553,0.2206266318537859,0.038,0.888888888888889,0.27102154273801254,0.888888888888889,0.12475247524752475,0.29710144927536236,0.2842105263157894,0.5337552742616034,0.5024154589371981
1304,0.4916897506925208,0.03666666666666667,0.1097424412094065,0.5993251398090197,0.8181818181818182,0.007144775971684819,0.21279373368146215,0.04,0.7676767676767677,0.3335649756775539,0.8181818181818182,0.1782178217821782,0.3007246376811594,0.28771929824561404,0.5210970464135021,0.48792270531400966
1305,0.53601108033241,0.03777777777777778,0.09798432250839867,0.5269080439723137,0.08080808080808081,0.008704750144922073,0.20757180156657962,0.041600000000000005,0.7777777777777778,0.2946490618485059,0.08080808080808081,0.201980198019802,0.30434782608695654,0.29122807017543856,0.5094936708860759,0.4685990338164251
1306,0.5692520775623269,0.03888888888888889,0.10134378499440092,0.3962215931314998,0.7676767676767677,0.0007210756752425972,0.20104438642297648,0.0432,0.07070707070707072,0.30298818624044477,0.7676767676767677,0.2277227722772277,0.3079710144927536,0.29473684210526313,0.5,0.46376811594202894
1307,0.5969529085872576,0.04,0.07950727883538634,0.36357749870683626,0.7373737373737375,9.42582582016467e-05,0.19451697127937337,0.0448,0.7373737373737375,0.2981236970118138,0.7373737373737375,0.2594059405940594,0.3115942028985507,0.2982456140350877,0.48628691983122363,0.42995169082125606
1308,0.6038781163434903,0.04111111111111111,0.08286674132138859,0.3591130734341269,0.7373737373737375,0.0003063393391553518,0.18929503916449086,0.046,0.7575757575757577,0.3092425295343989,0.7373737373737375,0.2851485148514851,0.31521739130434784,0.30526315789473685,0.4746835443037975,0.3961352657004831
1309,0.6038781163434903,0.042222222222222223,0.0923852183650616,0.3279085264435854,0.8484848484848485,0.0036100912891230685,0.18407310704960836,0.0472,0.8383838383838385,0.31549687282835304,0.8484848484848485,0.3089108910891089,0.31884057971014496,0.30877192982456136,0.4757383966244726,0.4106280193236715
1310,0.5997229916897507,0.042777777777777776,0.09070548712206047,0.3853962657292647,0.0,0.05327476753557071,0.17885117493472585,0.048,0.7777777777777778,0.3210562890896456,0.08080808080808081,0.33267326732673264,0.322463768115942,0.31228070175438594,0.47151898734177217,0.4057971014492754
1311,0.5914127423822715,0.042777777777777776,0.083986562150056,6.828123285588074e-11,0.0,0.0989805969375492,0.17493472584856398,0.048400000000000006,0.08080808080808081,0.325225851285615,0.8282828282828284,0.3564356435643565,0.3297101449275362,0.3157894736842105,0.47257383966244726,0.4057971014492754
1312,0.27285318559556787,0.0,0.0,0.0,0.8282828282828284,0.0,1.0,0.0,0.08080808080808081,0.08408617095205004,0.787878787878788,0.0,0.0,0.0,0.6181434599156118,0.5748792270531401
1313,0.0013850415512465374,0.0,0.0,0.9803370793446828,0.7575757575757577,0.0,0.993472584856397,0.0,0.797979797979798,0.08408617095205004,0.7575757575757577,0.0,0.0,0.0,0.629746835443038,0.5748792270531401
1314,0.029085872576177285,0.0,0.0,0.13748607314422084,0.9595959595959597,0.0,0.9882506527415145,0.0,0.9191919191919192,0.07991660875608061,0.9595959595959597,0.0,0.0,0.0,0.6213080168776371,0.5748792270531401
1315,0.03185595567867036,0.0,0.0,0.1476987071828695,0.9494949494949496,0.0,0.9817232375979114,0.0,0.9292929292929294,0.09520500347463517,0.9494949494949496,0.0,0.0,0.0,0.6128691983122363,0.5748792270531401
1316,0.03462603878116344,0.0,0.02911534154535275,0.3051739865171981,0.9595959595959597,0.0,0.9751958224543082,0.0,0.9595959595959597,0.09867963863794302,1.0,0.0,0.0,0.0,0.6170886075949367,0.5748792270531401
1317,0.03601108033240997,0.0,0.026315789473684213,0.18246724875981393,0.9191919191919192,0.0,0.9686684073107051,0.0,0.9595959595959597,0.10562890896455873,0.9191919191919192,0.0,0.0,0.0,0.6160337552742615,0.5748792270531401
1318,0.037396121883656507,0.0,0.029675251959686455,0.16255862454568804,0.8686868686868687,0.0,0.9608355091383812,0.0,0.8484848484848485,0.8505906879777624,0.8686868686868687,0.0,0.0,0.0,0.6075949367088607,0.5748792270531401
1319,0.027700831024930747,0.0,0.0251959686450168,0.16789721836705293,0.8383838383838385,0.0,0.9543080939947781,0.0,0.7474747474747475,0.8498957609451009,0.8282828282828284,0.0,0.003623188405797102,0.0,0.6033755274261603,0.5603864734299516
1320,0.29085872576177285,0.0,0.037513997760358346,0.1890228018013208,0.9696969696969697,0.0,0.9451697127937339,0.0,0.9393939393939394,0.9492703266157054,0.9494949494949496,0.0,0.003623188405797102,0.0,0.6054852320675105,0.5700483091787439
1321,0.29224376731301943,0.0,0.041993281075028,0.1822465299306836,0.888888888888889,0.0,0.93733681462141,0.0,0.8686868686868687,0.1341209173036831,0.8686868686868687,0.0,0.003623188405797102,0.0,0.6075949367088607,0.5845410628019323
1322,0.29362880886426596,0.0,0.03303471444568869,0.11192390968733888,0.05050505050505051,0.0,0.9281984334203656,0.0,0.7474747474747475,0.1111883252258513,0.797979797979798,0.0,0.003623188405797102,0.0035087719298245615,0.0,0.5893719806763285
1323,0.2950138504155125,0.0,0.026315789473684213,0.010641835204309159,0.6767676767676768,0.0,0.9190600522193213,0.0,0.6161616161616162,0.0965948575399583,0.6262626262626263,0.0,0.003623188405797102,0.0035087719298245615,0.0,0.5990338164251208
1324,0.296398891966759,0.0,0.027435610302351626,0.017683315420458597,0.7373737373737375,0.0,0.08616187989556137,0.0,0.797979797979798,0.6935371785962474,0.07070707070707072,0.0,0.003623188405797102,0.0035087719298245615,0.0,0.5603864734299516
1325,0.2991689750692521,0.0,0.02687569988801792,0.7087267596259736,0.797979797979798,0.0,0.8968668407310707,0.0,0.9696969696969697,0.6323835997220292,0.7777777777777778,0.0,0.003623188405797102,0.0035087719298245615,0.0,0.5652173913043478
1326,0.30193905817174516,0.0,0.03303471444568869,0.6007098732894238,0.8585858585858587,0.0,0.885117493472585,0.0,0.888888888888889,0.6254343293954135,0.8585858585858587,0.0,0.003623188405797102,0.0035087719298245615,0.0,0.5024154589371981
1327,0.3060941828254848,0.0,0.0251959686450168,0.1109374014562899,0.09090909090909091,0.0,0.8733681462140994,0.0,0.09090909090909091,0.5642807505211953,0.09090909090909091,0.0,0.003623188405797102,0.0035087719298245615,0.0,0.4830917874396135
1328,0.11080332409972299,0.0,0.0,0.0,1.0,8.483243238148202e-05,0.9190600522193213,0.0004,1.0,0.236275191104934,1.0,0.0,0.12318840579710146,0.11578947368421053,0.8428270042194094,0.6425120772946861
1329,0.11218836565096953,0.0,0.0,0.2484997696021486,0.9696969696969697,0.0002592102100545284,0.08877284595300262,0.0004,0.9494949494949496,0.236275191104934,0.9595959595959597,0.0,0.11956521739130435,0.11578947368421053,0.830168776371308,0.6280193236714976
1330,0.11357340720221606,0.0005555555555555556,0.0,0.27972936622947797,1.0,0.00029220060042510476,0.08093994778067887,0.0004,1.0,0.17790132036136208,1.0,0.0,0.11956521739130435,0.11228070175438595,0.839662447257384,0.6328502415458936
1331,0.1149584487534626,0.0005555555555555556,0.0,0.29628632654426035,0.98989898989899,0.00012724864857222305,0.8942558746736293,0.0004,0.98989898989899,0.17859624739402363,0.98989898989899,0.0,0.11956521739130435,0.11228070175438595,0.8375527426160337,0.6376811594202898
1332,0.11634349030470914,0.0005555555555555556,0.0005599104143337066,0.27897012633552526,1.0,0.00015081321312263471,0.8877284595300262,0.0004,1.0,0.1820708825573315,1.0,0.0,0.11594202898550725,0.10877192982456141,0.8354430379746836,0.6473429951690821
1333,0.11772853185595568,0.0005555555555555556,0.0,0.20128972782253307,1.0,6.126786783107035e-05,0.8798955613577025,0.0004,0.98989898989899,0.19179986101459345,0.98989898989899,0.0,0.11594202898550725,0.10877192982456141,0.8333333333333334,0.6521739130434783
1334,0.11911357340720222,0.0005555555555555556,0.00503919372900336,0.30065896965850153,1.0,0.0,0.8733681462140994,0.0004,1.0,0.26893676164002783,1.0,0.0,0.11594202898550725,0.10877192982456141,0.8312236286919832,0.6570048309178743
1335,0.12049861495844875,0.0005555555555555556,0.0011198208286674134,0.20818281706462424,1.0,0.0,0.8681462140992168,0.0004,1.0,0.1341209173036831,1.0,0.0,0.11594202898550725,0.10526315789473684,0.830168776371308,0.6666666666666667
1336,0.12188365650969529,0.0005555555555555556,0.0011198208286674134,0.25595275888854935,1.0,0.0,0.8629242819843342,0.0004,1.0,0.1480194579569145,1.0,0.0,0.11231884057971016,0.10526315789473684,0.830168776371308,0.6714975845410628
1337,0.12188365650969529,0.0005555555555555556,0.0,0.2447483099618323,1.0,0.0,0.8577023498694518,0.0004,1.0,0.1563585823488534,1.0,0.0,0.11231884057971016,0.10526315789473684,0.830168776371308,0.6811594202898551
1338,0.0110803324099723,0.0,0.0,0.2399711382965584,1.0,4.712912910082335e-05,0.8524804177545693,0.0004,1.0,0.16539263377345378,1.0,0.0,0.11231884057971016,0.10526315789473684,0.8322784810126582,0.6859903381642511
1339,0.12465373961218836,0.0,0.0005599104143337066,0.17339348588077236,0.9494949494949496,0.0001083969969318937,0.8472584856396869,0.0004,0.98989898989899,0.19179986101459345,0.98989898989899,0.0,0.11231884057971016,0.10175438596491228,0.8343881856540085,0.6956521739130435
1340,0.12742382271468145,0.0,0.0011198208286674134,0.1592727037352677,1.0,0.0,0.8420365535248043,0.0004,1.0,0.22446143154968728,1.0,0.0,0.11231884057971016,0.10175438596491228,0.8312236286919832,0.6811594202898551
1341,0.128808864265928,0.0,0.0,0.12116800554903379,1.0,0.0,0.8355091383812011,0.0004,1.0,0.24739402362751914,1.0,0.0,0.11231884057971016,0.10175438596491228,0.8280590717299579,0.6714975845410628
1342,0.13019390581717452,0.0,0.0,0.11338689499853079,1.0,0.0,0.828981723237598,0.0004,1.0,0.250868658790827,1.0,0.0,0.11231884057971016,0.10175438596491228,0.8291139240506329,0.6763285024154589
1343,0.13157894736842107,0.0,0.0,0.09615125452908274,0.9595959595959597,2.8277477460494007e-05,0.8224543080939949,0.0004,0.9494949494949496,0.1744266851980542,0.98989898989899,0.0,0.11231884057971016,0.10526315789473684,0.8291139240506329,0.6811594202898551
1344,0.22853185595567868,0.0016666666666666666,0.0,0.0,0.9797979797979799,0.08379087862835383,0.5731070496083551,0.0012000000000000001,0.9797979797979799,0.4503127171646978,0.9797979797979799,0.0,0.11594202898550725,0.11578947368421053,0.6983122362869199,0.6280193236714976
1345,0.0221606648199446,0.0016666666666666666,0.0,0.0,0.9696969696969697,0.0014987063054061824,0.5600522193211489,0.0016,0.9595959595959597,0.4503127171646978,0.9696969696969697,0.0,0.11594202898550725,0.11578947368421053,0.6919831223628692,0.6183574879227054
1346,0.23961218836565099,0.0016666666666666666,0.0,0.0,0.9797979797979799,4.712912910082335e-06,0.5483028720626633,0.0016,0.9797979797979799,0.4642112578179291,0.9797979797979799,0.0,0.11594202898550725,0.11228070175438595,0.6824894514767933,0.6038647342995169
1347,0.023545706371191136,0.0016666666666666666,0.0,0.0,0.9696969696969697,0.0,0.5378590078328983,0.0016,0.9494949494949496,0.48436414176511466,0.9696969696969697,0.0,0.11231884057971016,0.11228070175438595,0.6729957805907173,0.5942028985507246
1348,0.2590027700831025,0.0022222222222222222,0.18309070548712206,0.0,0.9696969696969697,0.0010462666660382783,0.5274151436031332,0.0016,0.9494949494949496,0.4294649061848506,0.9696969696969697,0.0019801980198019802,0.11231884057971016,0.11228070175438595,0.6666666666666666,0.5845410628019323
1349,0.2742382271468144,0.0022222222222222222,0.1522956326987682,0.0,0.9696969696969697,0.0,0.04830287206266319,0.0016,0.888888888888889,0.462821403752606,0.9696969696969697,0.0,0.11231884057971016,0.11228070175438595,0.6656118143459916,0.5893719806763285
1350,0.027700831024930747,0.0022222222222222222,0.13325867861142218,0.0,0.9696969696969697,4.712912910082335e-06,0.04046997389033942,0.0016,0.9696969696969697,0.47185545517720645,0.9595959595959597,0.0,0.11594202898550725,0.11578947368421053,0.6635021097046413,0.5990338164251208
1351,0.2991689750692521,0.0022222222222222222,0.14109742441209405,0.0,0.9797979797979799,7.540660656131736e-05,0.5026109660574414,0.0016,0.9595959595959597,0.4656011118832523,0.9595959595959597,0.0019801980198019802,0.11594202898550725,0.11578947368421053,0.6582278481012658,0.608695652173913
1352,0.31578947368421056,0.0022222222222222222,0.15453527435610304,0.0,0.9494949494949496,0.0001885165164032934,0.4960835509138381,0.0016,0.9494949494949496,0.477414871438499,0.9494949494949496,0.0,0.11594202898550725,0.11578947368421053,0.6518987341772152,0.608695652173913
1353,0.32271468144044324,0.0022222222222222222,0.13829787234042554,0.0,0.09090909090909091,0.00012724864857222305,0.489556135770235,0.0016,0.9393939393939394,0.46768589298123703,0.9292929292929294,0.0,0.11594202898550725,0.11578947368421053,0.6466244725738397,0.6038647342995169
1354,0.30886426592797783,0.0022222222222222222,0.15677491601343788,0.0,0.9797979797979799,0.00024978438423436375,0.4830287206266319,0.0016,0.98989898989899,0.4044475330090341,0.98989898989899,0.0,0.11956521739130435,0.11578947368421053,0.6455696202531646,0.5990338164251208
1355,0.30055401662049863,0.0022222222222222222,0.19036954087346028,0.0,1.0,3.770330328065868e-05,0.47650130548302877,0.0016,0.98989898989899,0.38707435719249483,1.0,0.0,0.11956521739130435,0.11578947368421053,0.6424050632911392,0.6038647342995169
1356,0.2991689750692521,0.0022222222222222222,0.19652855543113104,0.0,1.0,2.8277477460494007e-05,0.4699738903394256,0.0016,0.98989898989899,0.37734537873523283,0.98989898989899,0.0,0.12318840579710146,0.11929824561403508,0.6350210970464135,0.5893719806763285
1357,0.296398891966759,0.0022222222222222222,0.1847704367301232,0.0,1.0,9.42582582016467e-06,0.4634464751958225,0.002,1.0,0.37734537873523283,0.98989898989899,0.0,0.12318840579710146,0.11929824561403508,0.6339662447257384,0.5845410628019323
1358,0.2991689750692521,0.0022222222222222222,0.14613661814109744,0.0,0.5757575757575758,8.011951947139969e-05,0.45691906005221933,0.002,1.0,0.33287004864489234,1.0,0.0,0.12681159420289856,0.12280701754385966,0.6255274261603375,0.5700483091787439
1359,0.3102493074792244,0.0022222222222222222,0.1187010078387458,0.0,0.4444444444444445,7.540660656131736e-05,0.45169712793733685,0.002,1.0,0.325225851285615,1.0,0.0,0.12681159420289856,0.12280701754385966,0.6181434599156118,0.5507246376811594
1360,0.2673130193905817,0.0044444444444444444,0.0,0.0,0.8989898989898991,0.00026392312296461077,0.27023498694516973,0.0044,0.8989898989898991,0.12995135510771372,0.8989898989898991,0.0019801980198019802,0.31521739130434784,0.30877192982456136,0.6139240506329113,0.5217391304347826
1361,0.2742382271468144,0.0044444444444444444,0.0,0.0,0.888888888888889,0.0015976774765179115,0.024804177545691905,0.0044,0.888888888888889,0.12995135510771372,0.888888888888889,0.0019801980198019802,0.31884057971014496,0.31228070175438594,0.6044303797468354,0.5120772946859903
1362,0.030470914127423823,0.005,0.0,0.0,0.8787878787878789,0.0003346168166158458,0.014360313315926894,0.0048000000000000004,0.8686868686868687,0.13898540653231412,0.8787878787878789,0.0039603960396039604,0.322463768115942,0.3157894736842105,0.5938818565400843,0.5024154589371981
1363,0.037396121883656507,0.005,0.0,0.0,0.797979797979798,0.00015081321312263471,0.24020887728459528,0.0048000000000000004,0.787878787878788,0.14732453092425296,0.797979797979798,0.0039603960396039604,0.32608695652173914,0.319298245614035,0.5843881856540085,0.49275362318840576
1364,0.29362880886426596,0.005,0.3012318029115341,0.0,0.787878787878788,0.0005325591588393038,0.2310704960835509,0.005200000000000001,0.797979797979798,0.15288394718554554,0.787878787878788,0.0039603960396039604,0.3297101449275362,0.32631578947368417,0.5717299578059072,0.4782608695652174
1365,0.30055401662049863,0.005555555555555556,0.3325867861142217,0.0,0.7474747474747475,0.0007210756752425972,0.22193211488250653,0.005200000000000001,0.7676767676767677,0.1911049339819319,0.7474747474747475,0.0039603960396039604,0.33333333333333337,0.32982456140350874,0.5643459915611815,0.46376811594202894
1366,0.3074792243767313,0.005555555555555556,0.28947368421052627,0.0,0.6767676767676768,0.00036760720698642214,0.21279373368146215,0.0056,0.6767676767676768,0.2619874913134121,0.6767676767676768,0.0019801980198019802,0.33695652173913043,0.3333333333333333,0.5537974683544304,0.45410628019323673
1367,0.314404432132964,0.005555555555555556,0.28499440089585665,0.0,0.6161616161616162,0.0008200468463543263,0.20496083550913838,0.0056,0.06060606060606061,0.19249478804725506,0.6161616161616162,0.0019801980198019802,0.3442028985507246,0.33684210526315783,0.5464135021097046,0.4444444444444444
1368,0.32271468144044324,0.006111111111111111,0.27939529675251956,0.0,0.05050505050505051,0.007908267863118159,0.19712793733681463,0.006,0.4646464646464647,0.2876997915218902,0.05050505050505051,0.0019801980198019802,0.34782608695652173,0.34035087719298246,0.5369198312236287,0.43478260869565216
1369,0.03185595567867036,0.006111111111111111,0.20604703247480405,0.0,0.5757575757575758,0.00027334894878477544,0.18929503916449086,0.006,0.5656565656565657,0.2876997915218902,0.5757575757575758,0.0019801980198019802,0.35507246376811596,0.343859649122807,0.5305907172995781,0.43478260869565216
1370,0.3393351800554017,0.006111111111111111,0.20548712206047035,0.0,0.494949494949495,0.0013903093084742888,0.18146214099216712,0.0064,0.05050505050505051,0.3002084781097985,0.494949494949495,0.0019801980198019802,0.03260869565217391,0.03508771929824562,0.5210970464135021,0.42028985507246375
1371,0.3476454293628809,0.006666666666666666,0.19708846584546472,0.0,0.4545454545454546,0.007026953148932761,0.17493472584856398,0.0064,0.4646464646464647,0.31549687282835304,0.4545454545454546,0.0019801980198019802,0.036231884057971016,0.03859649122807018,0.5116033755274262,0.4154589371980676
1372,0.3573407202216067,0.006666666666666666,0.19036954087346028,0.0,0.05050505050505051,0.008530372367249026,0.1671018276762402,0.0068000000000000005,0.5252525252525253,0.3412091730368312,0.494949494949495,0.0,0.03985507246376811,0.042105263157894736,0.5031645569620253,0.40096618357487923
1373,0.3656509695290859,0.007222222222222222,0.1858902575587906,0.0,0.0,0.009755729723870434,0.1605744125326371,0.007200000000000001,0.5555555555555556,0.3057678943710911,0.5353535353535354,0.0,0.043478260869565216,0.045614035087719294,0.4936708860759494,0.3864734299516908
1374,0.37396121883656513,0.007222222222222222,0.17469204927211646,0.0,0.0,0.00044301381354773945,0.1527415143603133,0.0076,0.5555555555555556,0.3002084781097985,0.5252525252525253,0.0,0.04710144927536231,0.04912280701754386,0.48839662447257387,0.3864734299516908
1375,0.38365650969529086,0.0077777777777777776,0.2883538633818589,0.0,0.0,0.001564687086147335,0.14751958224543082,0.008,0.5757575757575758,0.23697011813759558,0.5151515151515152,0.0,0.050724637681159424,0.04912280701754386,0.48417721518987344,0.3864734299516908
1376,0.2105263157894737,0.0,0.0,0.0,0.9494949494949496,0.0,0.7859007832898174,0.0,0.9595959595959597,0.4086170952050035,0.9595959595959597,0.0,0.07608695652173914,0.07017543859649122,0.8734177215189873,0.7729468599033816
1377,0.2146814404432133,0.0,0.0,0.15451858370969668,0.9292929292929294,0.00016966486476296404,0.07441253263707573,0.0,0.9292929292929294,0.4086170952050035,0.9292929292929294,0.0,0.07608695652173914,0.0736842105263158,0.8670886075949367,0.7729468599033816
1378,0.221606648199446,0.0,0.5800671892497201,0.15056014200859788,0.9494949494949496,0.0,0.06788511749347259,0.0,0.9494949494949496,0.3940236275191105,0.9494949494949496,0.0,0.07608695652173914,0.0736842105263158,0.8586497890295358,0.7439613526570048
1379,0.22437673130193908,0.0,0.5711086226203809,0.13582635638776194,0.09090909090909091,1.4138738730247004e-05,0.7676240208877285,0.0,0.9191919191919192,0.4107018763029882,0.9191919191919192,0.0,0.07608695652173914,0.0736842105263158,0.8565400843881857,0.748792270531401
1380,0.2326869806094183,0.0,0.5671892497200449,0.24749251553642487,0.8989898989898991,4.712912910082335e-06,0.762402088772846,0.0,0.9292929292929294,0.42390548992355803,0.9292929292929294,0.0,0.07608695652173914,0.07719298245614034,0.8544303797468354,0.7632850241545894
1381,0.023545706371191136,0.0,0.5481522956326988,0.11118042018460457,0.9191919191919192,0.0,0.7558746736292429,0.0,0.9292929292929294,0.4551772063933287,0.9292929292929294,0.0,0.07608695652173914,0.07719298245614034,0.859704641350211,0.7729468599033816
1382,0.25346260387811637,0.0,0.5509518477043673,0.0011395041040889976,0.9292929292929294,0.0,0.7506527415143605,0.0,0.9494949494949496,0.47533009034051427,0.9494949494949496,0.0,0.07971014492753623,0.07719298245614034,0.8660337552742615,0.7922705314009661
1383,0.2742382271468144,0.0,0.6623740201567749,0.2538210881158855,0.9393939393939394,1.4138738730247004e-05,0.7454308093994779,0.0,0.9494949494949496,0.4607366226546213,0.9494949494949496,0.0,0.07971014492753623,0.08070175438596491,0.8639240506329113,0.7874396135265701
1384,0.30470914127423826,0.0,0.6780515117581187,0.17127104443830396,0.9191919191919192,0.0,0.7402088772845954,0.0,0.9494949494949496,0.49339819318971506,0.9494949494949496,0.0,0.08333333333333333,0.08070175438596491,0.8586497890295358,0.7826086956521738
1385,0.31578947368421056,0.0,0.5817469204927213,0.1101065810405108,0.9494949494949496,3.2990390370576346e-05,0.7362924281984335,0.0,0.9696969696969697,0.472550382209868,0.9696969696969697,0.0,0.08333333333333333,0.08421052631578947,0.8512658227848102,0.7826086956521738
1386,0.29778393351800553,0.0,0.5548712206047033,0.08706922110202338,1.0,9.42582582016467e-06,0.731070496083551,0.0,1.0,0.4426685198054205,1.0,0.0,0.08695652173913043,0.08421052631578947,0.8343881856540085,0.7681159420289855
1387,0.03462603878116344,0.0,0.49272116461366183,0.0801651255974518,0.98989898989899,0.0,0.7258485639686685,0.0,1.0,0.45239749826268244,1.0,0.0,0.08695652173913043,0.08771929824561403,0.8185654008438819,0.748792270531401
1388,0.038781163434903045,0.0,0.46080627099664057,0.47885469477092296,0.98989898989899,0.0,0.7219321148825066,0.0,0.98989898989899,0.4273801250868659,0.98989898989899,0.0,0.09057971014492754,0.08771929824561403,0.8027426160337553,0.7342995169082125
1389,0.30193905817174516,0.0,0.41601343784994405,0.377079272868399,0.98989898989899,0.0,0.7180156657963448,0.0,0.98989898989899,0.4371091035441279,0.9797979797979799,0.0,0.09420289855072464,0.0912280701754386,0.7869198312236287,0.7149758454106281
1390,0.314404432132964,0.0,0.3734602463605823,0.3328243960875842,0.9696969696969697,4.712912910082335e-06,0.714099216710183,0.0,0.9797979797979799,0.42876997915218906,0.9797979797979799,0.0,0.09782608695652173,0.09473684210526315,0.7679324894514767,0.6859903381642511
1391,0.30055401662049863,0.0,0.3986562150055991,0.29149810524493447,0.9595959595959597,0.0,0.710182767624021,0.0,0.9696969696969697,0.41695621959694235,0.9696969696969697,0.0,0.09782608695652173,0.09473684210526315,0.7552742616033755,0.6618357487922705
1392,0.13434903047091415,0.0005555555555555556,0.07334826427771558,0.0,0.8181818181818182,0.00018380360349321107,0.849869451697128,0.0004,0.7575757575757577,0.4440583738707436,0.8181818181818182,0.0,0.1739130434782609,0.16842105263157894,0.8048523206751055,0.6425120772946861
1393,0.13573407202216067,0.0005555555555555556,0.07334826427771558,0.14060916866113968,0.8181818181818182,0.0005278462459292215,0.8407310704960838,0.0004,0.7575757575757577,0.4440583738707436,0.8181818181818182,0.0,0.17028985507246377,0.16842105263157894,0.8048523206751055,0.6425120772946861
1394,0.1329639889196676,0.0005555555555555556,0.07166853303471446,0.14580164746421737,0.8181818181818182,0.008299439634654992,0.8342036553524806,0.0004,0.7575757575757577,0.4607366226546213,0.8181818181818182,0.0,0.17028985507246377,0.16491228070175437,0.8080168776371308,0.6425120772946861
1395,0.12742382271468145,0.0005555555555555556,0.08510638297872342,0.15140252660753536,0.8181818181818182,4.241621619074101e-05,0.8276762402088774,0.0004,0.7575757575757577,0.4857539958304378,0.8181818181818182,0.0,0.17028985507246377,0.16491228070175437,0.8048523206751055,0.6425120772946861
1396,0.12742382271468145,0.0005555555555555556,0.08734602463605824,0.8364429768017476,0.8181818181818182,4.241621619074101e-05,0.8224543080939949,0.0004,0.7575757575757577,0.4947880472550383,0.8181818181818182,0.0,0.16666666666666669,0.1614035087719298,0.79957805907173,0.6376811594202898
1397,0.128808864265928,0.0005555555555555556,0.08790593505039195,0.8067268913631657,0.8181818181818182,5.6554954920988015e-05,0.8159268929503918,0.0004,0.7575757575757577,0.49965253648366925,0.8181818181818182,0.0,0.16666666666666669,0.1614035087719298,0.7932489451476793,0.6425120772946861
1398,0.13019390581717452,0.0005555555555555556,0.09014557670772678,0.8153829023701149,0.8181818181818182,0.00010368408402181136,0.8093994778067887,0.0004,0.7575757575757577,0.5156358582348853,0.8181818181818182,0.0,0.16666666666666669,0.1614035087719298,0.7869198312236287,0.6376811594202898
1399,0.13434903047091415,0.0005555555555555556,0.0929451287793953,0.6925353045661721,0.8181818181818182,0.00011310990984197603,0.8028720626631854,0.0004,0.7575757575757577,0.6045865184155663,0.8181818181818182,0.0,0.16666666666666669,0.1614035087719298,0.7805907172995781,0.6328502415458936
1400,0.13434903047091415,0.0005555555555555556,0.09574468085106384,0.8921653637115866,0.08080808080808081,0.0017579165154607108,0.7950391644908618,0.0004,0.7575757575757577,0.6184850590687978,0.08080808080808081,0.0,0.16666666666666669,0.15789473684210523,0.7710970464135021,0.6231884057971014
1401,0.0,0.0005555555555555556,0.10134378499440092,0.5354631882294466,0.787878787878788,0.004505544742038712,0.7885117493472585,0.0004,0.7575757575757577,0.6136205698401668,0.787878787878788,0.0,0.16666666666666669,0.15789473684210523,0.7732067510548523,0.6376811594202898
1402,0.013850415512465374,0.0005555555555555556,0.10806270996640538,0.6310955030066937,0.7777777777777778,0.002912580178430883,0.07571801566579635,0.0004,0.7474747474747475,0.5851285615010424,0.7777777777777778,0.0,0.16666666666666669,0.15789473684210523,0.0,0.6618357487922705
1403,0.01662049861495845,0.0005555555555555556,0.1170212765957447,0.6193835895645198,0.7575757575757577,0.0010038504498475374,0.06788511749347259,0.0004,0.7474747474747475,0.6191799861014594,0.7575757575757577,0.0,0.16666666666666669,0.15789473684210523,0.0,0.6859903381642511
1404,0.019390581717451522,0.0005555555555555556,0.12206047032474805,0.528790268910684,0.7474747474747475,0.002478992190703308,0.7663185378590079,0.0004,0.7474747474747475,0.6462821403752607,0.7474747474747475,0.0,0.17028985507246377,0.1614035087719298,0.0,0.7149758454106281
1405,0.0221606648199446,0.0005555555555555556,0.1103023516237402,0.7024800128750944,0.7777777777777778,0.00016966486476296404,0.7584856396866841,0.0004,0.7777777777777778,0.10423905489923559,0.7777777777777778,0.0,0.17028985507246377,0.1614035087719298,0.0,0.7342995169082125
1406,0.013850415512465374,0.0005555555555555556,0.12206047032474805,0.5114475047662725,0.08080808080808081,3.770330328065868e-05,0.751958224543081,0.0004,0.08080808080808081,0.1320361362056984,0.08080808080808081,0.0,0.1739130434782609,0.1614035087719298,0.0,0.7246376811594203
1407,0.15373961218836565,0.0005555555555555556,0.125979843225084,0.4050563654294555,0.8383838383838385,2.3564564550411675e-05,0.7428198433420367,0.0004,0.8383838383838385,0.12925642807505214,0.8383838383838385,0.0,0.1739130434782609,0.16491228070175437,0.0,0.7198067632850241
1408,0.6689750692520776,0.0022222222222222222,0.0,0.0,0.9393939393939394,0.0,0.4125326370757181,0.0024000000000000002,0.09090909090909091,0.11257817929117445,0.9393939393939394,0.1821782178217822,0.1956521739130435,0.18245614035087718,0.5221518987341772,0.5169082125603864
1409,0.721606648199446,0.0022222222222222222,0.0,0.16239579624722777,0.9393939393939394,0.0,0.4046997389033943,0.0024000000000000002,0.09090909090909091,0.11257817929117445,0.9393939393939394,0.18415841584158416,0.20652173913043478,0.19298245614035084,0.5179324894514767,0.5217391304347826
1410,0.7160664819944599,0.0022222222222222222,0.0,0.1535977810055863,0.9393939393939394,0.0024318630616024847,0.3968668407310705,0.0024000000000000002,0.09090909090909091,0.8130646282140376,0.9393939393939394,0.18811881188118812,0.21739130434782608,0.20350877192982456,0.510548523206751,0.536231884057971
1411,0.7091412742382271,0.0022222222222222222,0.0,0.1684128131991184,0.9595959595959597,0.0008436114109047379,0.03655352480417755,0.0024000000000000002,0.9393939393939394,0.7741487143849897,0.9595959595959597,0.17623762376237623,0.22826086956521743,0.21403508771929822,0.5052742616033755,0.5314009661835749
1412,0.07063711911357341,0.0022222222222222222,0.13325867861142218,0.019614893501142608,0.9696969696969697,0.0008106210205341616,0.02872062663185379,0.0024000000000000002,0.9595959595959597,0.8193189715079916,0.9696969696969697,0.20594059405940593,0.24275362318840582,0.22807017543859645,0.4947257383966244,0.5314009661835749
1413,0.7285318559556787,0.0022222222222222222,0.1511758118701008,0.15512658893694345,0.9393939393939394,0.011725727320284849,0.37467362924281983,0.0024000000000000002,0.9292929292929294,0.12995135510771372,0.9393939393939394,0.2633663366336634,0.2572463768115942,0.2421052631578947,0.48945147679324896,0.5265700483091788
1414,0.7825484764542936,0.0022222222222222222,0.15341545352743563,0.10448689696538649,0.9191919191919192,0.0,0.3681462140992167,0.0024000000000000002,0.8989898989898991,0.6810284920083393,0.9191919191919192,0.3584158415841584,0.2717391304347826,0.25614035087719295,0.4778481012658228,0.5217391304347826
1415,0.8185595567867037,0.002777777777777778,0.15341545352743563,0.9200615584754946,0.888888888888889,0.0,0.36292428198433424,0.0024000000000000002,0.8686868686868687,0.61501042390549,0.888888888888889,0.5386138613861386,0.286231884057971,0.2701754385964912,0.47151898734177217,0.5169082125603864
1416,0.8753462603878116,0.0022222222222222222,0.15005599104143338,0.09199508153276947,0.09090909090909091,9.42582582016467e-06,0.3563968668407311,0.0024000000000000002,0.8787878787878789,0.5886031966643503,0.888888888888889,0.592079207920792,0.3007246376811594,0.28771929824561404,0.4641350210970464,0.5120772946859903
1417,0.9044321329639889,0.002777777777777778,0.14557670772676373,0.7127339109073831,0.9191919191919192,4.712912910082335e-06,0.35117493472584854,0.0024000000000000002,0.888888888888889,0.4947880472550383,0.8989898989898991,0.6732673267326733,0.31521739130434784,0.3017543859649122,0.4609704641350211,0.5169082125603864
1418,0.9335180055401662,0.002777777777777778,0.14893617021276598,0.5799940785865124,0.8787878787878789,0.0,0.34464751958224543,0.0024000000000000002,0.888888888888889,0.43780403057678946,0.8989898989898991,0.6871287128712871,0.33333333333333337,0.319298245614035,0.4609704641350211,0.5169082125603864
1419,0.9210526315789473,0.002777777777777778,0.1002239641657335,0.6802587414418595,0.06060606060606061,0.00014610030021255238,0.3381201044386423,0.0028,0.8989898989898991,0.4836692147324531,0.09090909090909091,0.6831683168316832,0.34782608695652173,0.33684210526315783,0.4630801687763713,0.5169082125603864
1420,0.8961218836565097,0.002777777777777778,0.11086226203807392,0.5309664022552663,0.17171717171717174,4.712912910082335e-06,0.33159268929503916,0.0028,0.09090909090909091,0.49548297428769983,0.09090909090909091,0.6673267326732673,0.03985507246376811,0.03508771929824562,0.4641350210970464,0.5072463768115942
1421,0.8601108033240997,0.002777777777777778,0.16461366181410977,0.035404158869486044,0.0,0.0,0.32506527415143605,0.0028,0.8484848484848485,0.4801945795691453,0.8484848484848485,0.6415841584158416,0.05434782608695653,0.052631578947368425,0.4704641350210971,0.5024154589371981
1422,0.8102493074792244,0.002777777777777778,0.1595744680851064,0.38635626431422565,0.0,0.0010227021014878666,0.3185378590078329,0.0028,0.787878787878788,0.5232800555941627,0.787878787878788,0.6158415841584158,0.39855072463768115,0.38596491228070173,0.46729957805907174,0.497584541062802
1423,0.7506925207756233,0.002777777777777778,0.17301231802911535,0.29915531102839804,0.0,0.003110522520654341,0.31201044386422977,0.0028,0.8282828282828284,0.48088950660180685,0.8383838383838385,0.5881188118811881,0.41304347826086957,0.40350877192982454,0.4694092827004219,0.46376811594202894
1424,0.3573407202216067,0.0044444444444444444,0.0,0.0,0.5252525252525253,0.004995687684687275,0.34334203655352485,0.0044,0.5252525252525253,0.09728978457261987,0.5252525252525253,0.015841584158415842,0.23188405797101452,0.22105263157894736,0.45042194092827004,0.4782608695652174
1425,0.45429362880886426,0.0044444444444444444,0.0,0.5446384554103898,0.05050505050505051,0.00016023903894279938,0.33550913838120106,0.0044,0.494949494949495,0.09728978457261987,0.05050505050505051,0.015841584158415842,0.23913043478260873,0.2245614035087719,0.44936708860759494,0.4782608695652174
1426,0.3559556786703601,0.005,0.0,0.45123386972076723,0.7676767676767677,0.0,0.3276762402088773,0.0044,0.7575757575757577,0.6428075052119527,0.7676767676767677,0.019801980198019806,0.24275362318840582,0.23157894736842102,0.4419831223628692,0.4734299516908213
1427,0.3601108033240997,0.005,0.0,0.4817841853018426,0.08080808080808081,0.0002026552551335404,0.3211488250652742,0.0048000000000000004,0.08080808080808081,0.08269631688672689,0.08080808080808081,0.02178217821782178,0.25,0.23859649122807017,0.43881856540084385,0.46376811594202894
1428,0.3670360110803324,0.005,0.20772676371780519,0.6054649513960154,0.7777777777777778,0.0013149027019129715,0.3133159268929504,0.0048000000000000004,0.7777777777777778,0.7804030576789438,0.7777777777777778,0.02772277227722772,0.2572463768115942,0.2421052631578947,0.42827004219409287,0.45893719806763283
1429,0.37534626038781166,0.005,0.20324748040313553,0.4197979901863954,0.4747474747474748,0.010368408402181136,0.3067885117493473,0.005200000000000001,0.7171717171717172,0.8248783877692842,0.07070707070707072,0.033663366336633666,0.2644927536231884,0.24912280701754386,0.42510548523206754,0.46376811594202894
1430,0.38227146814404434,0.005555555555555556,0.2094064949608063,0.5601413680408482,0.6464646464646465,2.8277477460494007e-05,0.3002610966057441,0.005200000000000001,0.8484848484848485,1.0,0.8181818181818182,0.039603960396039604,0.2717391304347826,0.25614035087719295,0.4219409282700422,0.4685990338164251
1431,0.3878116343490305,0.005555555555555556,0.21668533034714446,0.4009961295480992,0.6464646464646465,4.712912910082335e-06,0.2924281984334204,0.0056,0.797979797979798,0.822098679638638,0.7575757575757577,0.04554455445544554,0.2753623188405797,0.2631578947368421,0.4156118143459916,0.4734299516908213
1432,0.39473684210526316,0.005555555555555556,0.2250839865621501,0.369299344669006,0.0,4.712912910082335e-06,0.2859007832898172,0.0056,0.6767676767676768,0.08617095205003475,0.6565656565656566,0.05346534653465346,0.28260869565217395,0.2701754385964912,0.4040084388185654,0.4782608695652174
1433,0.04293628808864266,0.006111111111111111,0.22620380739081747,0.1582545661095466,0.0,9.42582582016467e-05,0.2793733681462141,0.006,0.6666666666666667,0.1320361362056984,0.06060606060606061,0.05742574257425742,0.28985507246376807,0.2807017543859649,0.39767932489451474,0.4830917874396135
1434,0.4362880886426593,0.006666666666666666,0.2340425531914894,0.22433507794638524,0.0,3.770330328065868e-05,0.27415143603133163,0.0064,0.6666666666666667,0.5837387074357193,0.06060606060606061,0.05940594059405941,0.29710144927536236,0.28771929824561404,0.3924050632911392,0.48792270531400966
1435,0.45429362880886426,0.006666666666666666,0.23684210526315794,0.17888227024583656,0.0,1.885165164032934e-05,0.26762402088772846,0.0068000000000000005,0.4747474747474748,0.6094510076441974,0.31313131313131315,0.061386138613861385,0.30434782608695654,0.29473684210526313,0.35337552742616035,0.49275362318840576
1436,0.05678670360110803,0.007222222222222222,0.2351623740201568,0.9774579228747842,0.0,0.0006692336332316916,0.262402088772846,0.007200000000000001,0.494949494949495,0.23905489923558026,0.3535353535353536,0.061386138613861385,0.3115942028985507,0.3017543859649122,0.39345991561181437,0.497584541062802
1437,0.5124653739612188,0.007222222222222222,0.23852183650615902,0.0010441599676622524,0.0,0.0006173915912207859,0.022193211488250653,0.0076,0.5151515151515152,0.37734537873523283,0.393939393939394,0.05940594059405941,0.31521739130434784,0.30877192982456136,0.39662447257383965,0.5024154589371981
1438,0.4598337950138504,0.0077777777777777776,0.24580067189249724,0.167490677695629,0.0,0.00649910690300354,0.018276762402088774,0.008,0.5454545454545455,0.44544822793606675,0.42424242424242425,0.05940594059405941,0.322463768115942,0.31228070175438594,0.40717299578059074,0.5072463768115942
1439,0.05263157894736842,0.0077777777777777776,0.24916013437849946,0.12217258299781734,0.0,0.028169080463562115,0.01566579634464752,0.008,0.5656565656565657,0.4107018763029882,0.4646464646464647,0.05940594059405941,0.3297101449275362,0.319298245614035,0.3565400843881857,0.42028985507246375
1440,0.18975069252077564,0.0005555555555555556,0.0,0.0,0.9797979797979799,0.00038645885862675146,0.8328981723237598,0.0008,0.9797979797979799,0.34537873523280055,0.9797979797979799,0.0,0.20652173913043478,0.1894736842105263,0.7584388185654009,0.6473429951690821
1441,0.19667590027700832,0.0011111111111111111,0.0,0.0,0.9494949494949496,0.0017532036025506286,0.8198433420365536,0.0008,0.9494949494949496,0.34537873523280055,0.9494949494949496,0.0,0.2028985507246377,0.1894736842105263,0.770042194092827,0.6473429951690821
1442,0.1842105263157895,0.0011111111111111111,0.0,0.0,0.9696969696969697,0.0,0.8067885117493473,0.0008,0.9696969696969697,0.30090340514246006,0.9696969696969697,0.0,0.2028985507246377,0.1894736842105263,0.7753164556962026,0.6473429951690821
1443,0.18282548476454294,0.0011111111111111111,0.0,0.0,0.98989898989899,0.0015081321312263472,0.7937336814621411,0.0008,0.98989898989899,0.29881862404447534,0.98989898989899,0.0,0.19927536231884058,0.18596491228070175,0.7447257383966245,0.6618357487922705
1444,0.221606648199446,0.0011111111111111111,0.0,0.36175370078444136,0.98989898989899,0.0,0.07702349869451698,0.0008,0.98989898989899,0.3314801945795691,0.98989898989899,0.0,0.19927536231884058,0.18596491228070175,0.7974683544303798,0.6763285024154589
1445,0.18144044321329642,0.0011111111111111111,0.0,0.525907269198686,0.98989898989899,0.0,0.7689295039164492,0.0008,0.98989898989899,0.2432244614315497,0.98989898989899,0.0,0.19927536231884058,0.18596491228070175,0.7964135021097046,0.6908212560386474
1446,0.18144044321329642,0.0011111111111111111,0.0,0.6365674902532352,0.98989898989899,0.001550548347417088,0.7571801566579636,0.0008,0.98989898989899,0.2195969423210563,0.98989898989899,0.0,0.19927536231884058,0.18596491228070175,0.7985232067510548,0.7053140096618358
1447,0.18144044321329642,0.0011111111111111111,0.0,0.5335504628594133,0.98989898989899,3.770330328065868e-05,0.7467362924281986,0.0008,0.98989898989899,0.16678248783877694,0.98989898989899,0.0,0.1956521739130435,0.18596491228070175,0.7985232067510548,0.7149758454106281
1448,0.18144044321329642,0.0011111111111111111,0.0,0.05496962119955236,0.98989898989899,0.00027806186169485774,0.7362924281984335,0.0012000000000000001,0.98989898989899,0.18276580958999306,0.98989898989899,0.0,0.1956521739130435,0.18596491228070175,0.7974683544303798,0.7294685990338164
1449,0.1842105263157895,0.0011111111111111111,0.0,0.0494230918439878,0.98989898989899,4.712912910082335e-06,0.7271540469973892,0.0012000000000000001,0.98989898989899,0.1744266851980542,0.98989898989899,0.0,0.1956521739130435,0.18596491228070175,0.7932489451476793,0.7439613526570048
1450,0.18975069252077564,0.0011111111111111111,0.0,0.4730853865868272,0.9797979797979799,0.0013761705697440418,0.7180156657963448,0.0012000000000000001,0.98989898989899,0.1883252258512856,0.98989898989899,0.0,0.1956521739130435,0.18596491228070175,0.7890295358649789,0.7584541062801932
1451,0.19390581717451524,0.0011111111111111111,0.0,0.318591066216374,1.0,0.01305948167383815,0.7088772845953003,0.0012000000000000001,0.9797979797979799,0.24044475330090342,0.9797979797979799,0.0,0.1956521739130435,0.18596491228070175,0.7879746835443038,0.7681159420289855
1452,0.19806094182825487,0.0016666666666666666,0.0,0.2956044561250357,0.9696969696969697,0.0,0.699738903394256,0.0012000000000000001,0.9595959595959597,0.31966643502432246,0.9595959595959597,0.0,0.19927536231884058,0.18596491228070175,0.7805907172995781,0.7729468599033816
1453,0.20083102493074795,0.0016666666666666666,0.0,0.29182505537643944,0.9191919191919192,0.01833323122022028,0.6919060052219322,0.0012000000000000001,0.9393939393939394,0.31758165392633775,0.9393939393939394,0.0,0.19927536231884058,0.18596491228070175,0.7763713080168776,0.7632850241545894
1454,0.20221606648199447,0.0016666666666666666,0.0,0.3629807842115,0.9393939393939394,0.002983273872082118,0.6840731070496084,0.0012000000000000001,0.9494949494949496,0.31966643502432246,0.9494949494949496,0.0,0.19927536231884058,0.1894736842105263,0.7721518987341772,0.7584541062801932
1455,0.20360110803324102,0.0016666666666666666,0.0,0.45807613859934354,0.9292929292929294,0.0,0.6762402088772846,0.0012000000000000001,0.9494949494949496,0.23697011813759558,0.9494949494949496,0.0,0.2028985507246377,0.1894736842105263,0.7668776371308017,0.748792270531401
1456,0.22714681440443216,0.0,0.8499440089585667,0.0,0.9494949494949496,0.00023564564550411675,0.8015665796344649,0.0,0.9393939393939394,0.4551772063933287,0.9393939393939394,0.0,0.09057971014492754,0.08771929824561403,0.8924050632911392,0.7971014492753623
1457,0.2326869806094183,0.0,0.8499440089585667,0.22154000202579696,0.9494949494949496,5.184204201090568e-05,0.7950391644908618,0.0,0.9393939393939394,0.4551772063933287,0.9393939393939394,0.0,0.09057971014492754,0.0912280701754386,0.8871308016877637,0.7971014492753623
1458,0.24515235457063714,0.0,0.841545352743561,0.19720711190975862,0.9393939393939394,0.0001649519518528817,0.7885117493472585,0.0,0.9393939393939394,0.457956914523975,0.9393939393939394,0.0,0.09420289855072464,0.0912280701754386,0.8797468354430379,0.7922705314009661
1459,0.24238227146814406,0.0,0.8471444568868982,0.1810058285313138,0.9393939393939394,0.0,0.07702349869451698,0.0,0.9393939393939394,0.46351633078526755,0.9393939393939394,0.0,0.09420289855072464,0.0912280701754386,0.8755274261603375,0.7971014492753623
1460,0.023545706371191136,0.0,0.708286674132139,0.17617299551394944,0.9595959595959597,3.2990390370576346e-05,0.07180156657963448,0.0,0.9292929292929294,0.4767199444058374,0.9292929292929294,0.0,0.09420289855072464,0.09473684210526315,0.871308016877637,0.8067632850241545
1461,0.2590027700831025,0.0,0.721724524076148,0.14261558213482253,0.9494949494949496,9.42582582016467e-06,0.06527415143603134,0.0,0.9595959595959597,0.5489923558026408,0.9595959595959597,0.0,0.09782608695652173,0.09473684210526315,0.8691983122362869,0.8115942028985508
1462,0.26454293628808867,0.0,0.6937290033594625,0.14489202180441074,0.9595959595959597,0.0,0.7663185378590079,0.0,0.98989898989899,0.5232800555941627,0.98989898989899,0.0,0.09782608695652173,0.09824561403508772,0.870253164556962,0.8019323671497585
1463,0.30886426592797783,0.0,0.7441209406494962,0.18912708699223185,0.9696969696969697,4.712912910082335e-06,0.7610966057441254,0.0,0.9696969696969697,0.4593467685892982,0.9696969696969697,0.0,0.10144927536231883,0.09824561403508772,0.8649789029535865,0.7971014492753623
1464,0.03185595567867036,0.0,0.7497200447928333,0.1584126031014162,0.9696969696969697,0.0,0.7571801566579636,0.0,0.9595959595959597,0.4322446143154969,0.9595959595959597,0.0,0.10144927536231883,0.10175438596491228,0.8565400843881857,0.7922705314009661
1465,0.31578947368421056,0.0,0.7105263157894737,0.011669753469994392,0.9595959595959597,4.712912910082335e-06,0.7532637075718017,0.0,0.9494949494949496,0.4308547602501738,0.9494949494949496,0.0,0.10507246376811595,0.10175438596491228,0.8512658227848102,0.7922705314009661
1466,0.3060941828254848,0.0,0.6881298992161256,0.09152098037335932,0.9595959595959597,4.712912910082335e-06,0.7493472584856398,0.0,0.9393939393939394,0.40514246004169563,0.9494949494949496,0.0,0.10507246376811595,0.10526315789473684,0.8417721518987342,0.7826086956521738
1467,0.03185595567867036,0.0,0.6769316909294514,0.7648809765395688,0.9494949494949496,4.712912910082335e-06,0.7454308093994779,0.0,0.09090909090909091,0.3940236275191105,0.9494949494949496,0.0,0.10869565217391305,0.10526315789473684,0.8354430379746836,0.7874396135265701
1468,0.029085872576177285,0.0,0.6315789473684211,0.8113098248976279,0.9595959595959597,4.712912910082335e-06,0.741514360313316,0.0,0.9191919191919192,0.44892286309937457,0.9494949494949496,0.0,0.11231884057971016,0.10877192982456141,0.8227848101265823,0.7632850241545894
1469,0.029085872576177285,0.0,0.6153415453527437,0.5628456693656434,0.9494949494949496,0.00048543002973848047,0.7375979112271541,0.0,0.9797979797979799,0.4447533009034052,0.9595959595959597,0.0,0.11594202898550725,0.11228070175438595,0.8122362869198312,0.7391304347826088
1470,0.027700831024930747,0.0,0.5705487122060471,0.42942950957249193,0.9595959595959597,3.2990390370576346e-05,0.7336814621409923,0.0,0.9797979797979799,0.43502432244614314,0.9595959595959597,0.0,0.11594202898550725,0.11228070175438595,0.7985232067510548,0.7101449275362318
1471,0.0013850415512465374,0.0,0.5520716685330347,0.37387752405820096,0.98989898989899,8.954534529156437e-05,0.7297650130548303,0.0,0.9292929292929294,0.44892286309937457,0.9494949494949496,0.0,0.11956521739130435,0.11578947368421053,0.7858649789029536,0.6763285024154589
1472,0.08587257617728532,0.0,0.6220604703247481,0.0,0.9494949494949496,0.0,0.787206266318538,0.0,1.0,0.48227936066713,1.0,0.0,0.03260869565217391,0.028070175438596492,0.9451476793248945,0.6714975845410628
1473,0.0886426592797784,0.0,0.6220604703247481,0.16282030506960637,0.9494949494949496,0.0,0.07702349869451698,0.0,1.0,0.48227936066713,1.0,0.0,0.03260869565217391,0.028070175438596492,0.9409282700421941,0.6714975845410628
1474,0.09279778393351801,0.0,0.616461366181411,0.15541398679948798,0.9494949494949496,0.0,0.07180156657963448,0.0,1.0,0.49339819318971506,1.0,0.0,0.02898550724637681,0.028070175438596492,0.9409282700421941,0.6714975845410628
1475,0.008310249307479223,0.0,0.6343784994400896,0.02288358387798589,0.9494949494949496,9.42582582016467e-06,0.06657963446475196,0.0,1.0,0.49895760945100764,1.0,0.0,0.02898550724637681,0.028070175438596492,0.9409282700421941,0.6714975845410628
1476,0.09833795013850416,0.0,0.643337066069429,0.1705667482121226,0.9595959595959597,2.8277477460494007e-05,0.7650130548302874,0.0,0.9696969696969697,0.5100764419735928,1.0,0.0,0.02898550724637681,0.028070175438596492,0.9430379746835443,0.6714975845410628
1477,0.0997229916897507,0.0,0.6354983202687571,0.22709997847168406,0.9494949494949496,0.0,0.7597911227154048,0.0,0.9696969696969697,0.5337039610840861,1.0,0.0,0.02898550724637681,0.028070175438596492,0.9324894514767933,0.6618357487922705
1478,0.1038781163434903,0.0,0.6388577827547594,0.20557855231970307,0.9595959595959597,0.0,0.7545691906005223,0.0,0.9696969696969697,0.5635858234885337,1.0,0.0,0.02898550724637681,0.028070175438596492,0.9367088607594937,0.6521739130434783
1479,0.009695290858725761,0.0,0.64501679731243,0.018992690244377088,0.9494949494949496,4.712912910082335e-06,0.7493472584856398,0.0,0.9696969696969697,0.5100764419735928,1.0,0.0,0.02898550724637681,0.028070175438596492,0.9356540084388185,0.6521739130434783
1480,0.11218836565096953,0.0,0.6573348264277716,0.026749272718769077,0.8787878787878789,0.0,0.7428198433420367,0.0,0.9696969696969697,0.472550382209868,1.0,0.0,0.02898550724637681,0.028070175438596492,0.9251054852320675,0.6521739130434783
1481,0.11634349030470914,0.0,0.6702127659574469,0.015370855610611437,0.9595959595959597,3.770330328065868e-05,0.7375979112271541,0.0,1.0,0.5385684503127172,1.0,0.0,0.02898550724637681,0.028070175438596492,0.9282700421940928,0.6521739130434783
1482,0.0110803324099723,0.0,0.6623740201567749,0.13484719387858718,0.9595959595959597,0.0,0.731070496083551,0.0,1.0,0.5524669909659486,1.0,0.0,0.03260869565217391,0.028070175438596492,0.9219409282700421,0.6521739130434783
1483,0.12603878116343492,0.0,0.69484882418813,0.12392501925954952,0.9494949494949496,0.0,0.7232375979112272,0.0,1.0,0.5698401667824878,1.0,0.0,0.03260869565217391,0.028070175438596492,0.9145569620253164,0.6521739130434783
1484,0.12603878116343492,0.0,0.7054871220604704,0.10128102625324607,0.9595959595959597,4.712912910082335e-06,0.7154046997389034,0.0,1.0,0.5330090340514246,0.98989898989899,0.0,0.03260869565217391,0.028070175438596492,0.9124472573839663,0.6570048309178743
1485,0.13019390581717452,0.0,0.7222844344904816,0.9120112743360541,0.9595959595959597,0.0,0.7075718015665797,0.0,1.0,0.5747046560111189,1.0,0.0,0.03260869565217391,0.028070175438596492,0.9071729957805907,0.6521739130434783
1486,0.13157894736842107,0.0,0.7211646136618142,0.07890357188770158,0.8686868686868687,0.0,0.699738903394256,0.0,1.0,0.5142460041695622,1.0,0.0,0.03260869565217391,0.031578947368421054,0.9008438818565401,0.6473429951690821
1487,0.13434903047091415,0.0,0.7351623740201568,0.8259760653557674,0.7777777777777778,0.0,0.6919060052219322,0.0,1.0,0.5198054204308549,1.0,0.0,0.03260869565217391,0.031578947368421054,0.8945147679324894,0.6521739130434783
1488,0.029085872576177285,0.015555555555555555,0.0,0.0,0.696969696969697,1.4138738730247004e-05,0.0195822454308094,0.0152,0.7171717171717172,0.236275191104934,0.696969696969697,0.0039603960396039604,0.25362318840579706,0.24561403508771926,0.5390295358649789,0.497584541062802
1489,0.3102493074792244,0.01611111111111111,0.0,0.5347890736088028,0.7373737373737375,1.4138738730247004e-05,0.013054830287206267,0.015600000000000001,0.7373737373737375,0.236275191104934,0.7373737373737375,0.0039603960396039604,0.2572463768115942,0.24561403508771926,0.5369198312236287,0.497584541062802
1490,0.030470914127423823,0.01611111111111111,0.048152295632698766,0.7964024687515617,0.7474747474747475,2.8277477460494007e-05,0.2415143603133159,0.016,0.7373737373737375,0.2883947185545518,0.7474747474747475,0.005940594059405941,0.2608695652173913,0.24912280701754386,0.5358649789029536,0.497584541062802
1491,0.32409972299168976,0.016666666666666666,0.048152295632698766,0.6007828550235238,0.07070707070707072,9.42582582016467e-06,0.2349869451697128,0.016800000000000002,0.7171717171717172,0.24044475330090342,0.07070707070707072,0.005940594059405941,0.2644927536231884,0.2526315789473684,0.5337552742616034,0.49275362318840576
1492,0.33240997229916897,0.017222222222222222,0.05375139977603583,0.7892992173008236,0.7373737373737375,0.0,0.22845953002610966,0.0172,0.7373737373737375,0.2946490618485059,0.7373737373737375,0.005940594059405941,0.2681159420289855,0.25614035087719295,0.5316455696202531,0.49275362318840576
1493,0.34210526315789475,0.017777777777777778,0.05711086226203808,0.7673104288098008,0.07070707070707072,4.712912910082335e-06,0.22193211488250653,0.018000000000000002,0.07070707070707072,0.3377345378735233,0.07070707070707072,0.007920792079207921,0.2717391304347826,0.2596491228070175,0.5305907172995781,0.49275362318840576
1494,0.350415512465374,0.018333333333333333,0.0503919372900336,0.7128364394995637,0.7777777777777778,0.0,0.21671018276762405,0.0188,0.7676767676767677,0.3266157053509382,0.7777777777777778,0.007920792079207921,0.2753623188405797,0.2631578947368421,0.5274261603375527,0.4685990338164251
1495,0.3573407202216067,0.01888888888888889,0.037513997760358346,0.6459421921403533,0.7777777777777778,1.4138738730247004e-05,0.2101827676240209,0.0196,0.7777777777777778,0.3127171646977068,0.7777777777777778,0.007920792079207921,0.2789855072463768,0.26666666666666666,0.5179324894514767,0.45410628019323673
1496,0.3601108033240997,0.019444444444444445,0.03919372900335946,0.5552196662727068,0.8484848484848485,0.0,0.20496083550913838,0.0204,0.8383838383838385,0.34607366226546216,0.8484848484848485,0.009900990099009901,0.28260869565217395,0.2701754385964912,0.5094936708860759,0.43961352657004826
1497,0.36288088642659283,0.02,0.037513997760358346,0.3848220689926235,0.8282828282828284,9.42582582016467e-06,0.1997389033942559,0.0216,0.8383838383838385,0.3551077136900626,0.8585858585858587,0.009900990099009901,0.286231884057971,0.27368421052631575,0.5042194092827004,0.43478260869565216
1498,0.3656509695290859,0.020555555555555556,0.039753639417693165,0.3380364458866235,0.8181818181818182,0.0,0.19321148825065276,0.0224,0.08080808080808081,0.3683113273106324,0.8585858585858587,0.009900990099009901,0.28985507246376807,0.2771929824561403,0.49894514767932485,0.42995169082125606
1499,0.368421052631579,0.021111111111111112,0.044792833146696534,0.2376718377019838,0.7171717171717172,0.16758175725670765,0.18798955613577026,0.023200000000000002,0.7474747474747475,0.33981931897150797,0.787878787878788,0.009900990099009901,0.2934782608695652,0.2807017543859649,0.4915611814345992,0.42028985507246375
1500,0.3698060941828255,0.022222222222222223,0.05151175811870101,0.3719031915243278,0.6161616161616162,0.2932987091331539,0.18276762402088773,0.024,0.6565656565656566,0.33425990271021544,0.6666666666666667,0.01188118811881188,0.29710144927536236,0.28771929824561404,0.4820675105485232,0.4106280193236715
1501,0.37396121883656513,0.02277777777777778,0.04983202687569989,0.04760477095977444,0.5151515151515152,0.05087589486433881,0.17885117493472585,0.0252,0.6161616161616162,0.3676164002779708,0.6262626262626263,0.01188118811881188,0.30434782608695654,0.29122807017543856,0.4873417721518988,0.40096618357487923
1502,0.3808864265927978,0.023333333333333334,0.05823068309070549,0.426336697228717,0.0,0.044098726099640405,0.17362924281984335,0.026000000000000002,0.06060606060606061,0.359277275886032,0.06060606060606061,0.01188118811881188,0.3079710144927536,0.29473684210526313,0.4810126582278481,0.3961352657004831
1503,0.39058171745152354,0.024444444444444446,0.06438969764837627,0.35720195852166287,0.0,0.1661584575578628,0.16840731070496084,0.027200000000000002,0.5858585858585859,0.4030576789437109,0.5757575757575758,0.009900990099009901,0.3115942028985507,0.2982456140350877,0.0,0.3864734299516908
1504,0.5041551246537396,0.014444444444444444,0.0,0.0,0.888888888888889,0.0,0.2428198433420366,0.0152,0.888888888888889,0.7908269631688674,0.888888888888889,0.09306930693069307,0.22826086956521743,0.21403508771929822,0.49894514767932485,0.5217391304347826
1505,0.5207756232686981,0.015,0.0,0.5958577708737929,0.9191919191919192,1.4138738730247004e-05,0.23759791122715407,0.016,0.8787878787878789,0.7908269631688674,0.9191919191919192,0.099009900990099,0.23188405797101452,0.2175438596491228,0.4915611814345992,0.5169082125603864
1506,0.5443213296398892,0.01611111111111111,0.0,0.5592336070581226,0.8989898989898991,4.712912910082335e-06,0.23237597911227156,0.016800000000000002,0.8989898989898991,0.13620569840166782,0.8989898989898991,0.12277227722772277,0.23188405797101452,0.22105263157894736,0.48417721518987344,0.5169082125603864
1507,0.05678670360110803,0.017222222222222222,0.0,0.8290546941939909,0.9696969696969697,5.184204201090568e-05,0.22715404699738903,0.0184,0.9595959595959597,0.8756080611535789,0.9696969696969697,0.16237623762376238,0.2355072463768116,0.2245614035087719,0.4789029535864979,0.5169082125603864
1508,0.6094182825484765,0.017777777777777778,0.06830907054871221,0.1379894558238522,0.9797979797979799,0.0001225357356621407,0.22193211488250653,0.02,0.9797979797979799,0.8109798471160529,0.9797979797979799,0.21980198019801978,0.23913043478260873,0.22807017543859645,0.46835443037974683,0.5120772946859903
1509,0.6385041551246537,0.019444444444444445,0.05991041433370661,0.9744084938219033,0.9393939393939394,0.5594793173816941,0.21671018276762405,0.0216,0.8686868686868687,0.10423905489923559,0.9393939393939394,0.26930693069306927,0.24275362318840582,0.23157894736842102,0.45358649789029537,0.49275362318840576
1510,0.6786703601108033,0.02,0.06438969764837627,0.7928154249294229,0.9393939393939394,9.897117111172903e-05,0.21279373368146215,0.0224,0.9393939393939394,0.08200138985406533,0.9393939393939394,0.29306930693069305,0.2463768115942029,0.2350877192982456,0.43776371308016876,0.4782608695652174
1511,0.7257617728531857,0.02,0.07054871220604704,0.7446771625046471,0.9191919191919192,9.42582582016467e-05,0.20757180156657962,0.023200000000000002,0.9292929292929294,0.118137595552467,0.9191919191919192,0.33267326732673264,0.25,0.23859649122807017,0.4219409282700422,0.46376811594202894
1512,0.7728531855955679,0.020555555555555556,0.06550951847704367,0.4276568553471753,0.8787878787878789,0.0006739465461417739,0.20365535248041777,0.0236,0.888888888888889,0.6469770674079223,0.8787878787878789,0.3801980198019802,0.25362318840579706,0.2421052631578947,0.40822784810126583,0.4685990338164251
1513,0.8116343490304709,0.021111111111111112,0.06550951847704367,0.6858351402879109,1.0,4.712912910082335e-06,0.19843342036553524,0.0244,1.0,0.6247394023627519,1.0,0.4158415841584159,0.2608695652173913,0.24561403508771926,0.39767932489451474,0.46376811594202894
1514,0.09002770083102493,0.021666666666666667,0.05767077267637178,0.5680013232003387,0.9393939393939394,0.0008671759754551496,0.19451697127937337,0.024800000000000003,0.9494949494949496,0.5698401667824878,0.9393939393939394,0.44158415841584153,0.2644927536231884,0.24912280701754386,0.39135021097046413,0.4685990338164251
1515,0.850415512465374,0.022222222222222223,0.061590145576707736,0.5823192747137682,0.8989898989898991,0.005259610807651886,0.18929503916449086,0.026000000000000002,0.9494949494949496,0.5434329395413482,0.8989898989898991,0.46138613861386135,0.2681159420289855,0.25614035087719295,0.3860759493670886,0.4830917874396135
1516,0.8476454293628809,0.02388888888888889,0.05991041433370661,0.43825481534884003,0.8484848484848485,0.00078705645598375,0.185378590078329,0.028,0.8585858585858587,0.4412786657400973,0.8484848484848485,0.4772277227722772,0.2717391304347826,0.2596491228070175,0.3818565400843882,0.497584541062802
1517,0.09141274238227147,0.025555555555555557,0.061030235162374026,0.3891816999342411,0.6464646464646465,0.0004335879877275748,0.1801566579634465,0.030000000000000002,0.797979797979798,0.33495482974287705,0.6464646464646465,0.4871287128712871,0.2753623188405797,0.2631578947368421,0.4092827004219409,0.5024154589371981
1518,0.8282548476454293,0.026666666666666665,0.06382978723404256,0.12818759714468894,0.0,0.0007069369365123502,0.17493472584856398,0.032,0.8686868686868687,0.39610840861709523,0.09090909090909091,0.4950495049504951,0.28260869565217395,0.26666666666666666,0.40822784810126583,0.48792270531400966
1519,0.8130193905817175,0.028333333333333332,0.06550951847704367,0.1378545063308601,0.0,0.0014327255246650299,0.17101827676240208,0.033600000000000005,0.7373737373737375,0.4656011118832523,0.7575757575757577,0.502970297029703,0.286231884057971,0.27368421052631575,0.41244725738396626,0.5169082125603864
1520,0.1689750692520776,0.0022222222222222222,0.02855543113101904,0.0,1.0,0.0062116192154885175,0.04699738903394256,0.0016,1.0,0.28978457261987495,1.0,0.0,0.2681159420289855,0.2526315789473684,0.830168776371308,0.6328502415458936
1521,0.1731301939058172,0.0022222222222222222,0.02855543113101904,0.722557904713825,0.9696969696969697,0.001041553753128196,0.5026109660574414,0.0016,0.9797979797979799,0.28978457261987495,0.9797979797979799,0.0,0.2717391304347826,0.25614035087719295,0.8259493670886077,0.6280193236714976
1522,0.17590027700831026,0.0016666666666666666,0.02911534154535275,0.11086091323580324,0.9696969696969697,0.0009190180174660553,0.489556135770235,0.0016,0.9797979797979799,0.29186935371785966,0.9797979797979799,0.0,0.2789855072463768,0.2631578947368421,0.8217299578059072,0.6231884057971014
1523,0.1772853185595568,0.0016666666666666666,0.02911534154535275,0.010177719723216424,0.9797979797979799,0.008803721316033802,0.4751958224543081,0.0016,0.9797979797979799,0.2849200833912439,0.9797979797979799,0.0,0.28260869565217395,0.26666666666666666,0.8185654008438819,0.6231884057971014
1524,0.01662049861495845,0.0016666666666666666,0.027995520716685332,0.0924528284044141,0.9696969696969697,0.0073945603559191836,0.46083550913838117,0.0016,0.9696969696969697,0.27032661570535094,0.9696969696969697,0.0,0.286231884057971,0.2701754385964912,0.8164556962025317,0.6280193236714976
1525,0.18005540166204986,0.0016666666666666666,0.02687569988801792,0.6567497313886639,0.9696969696969697,0.00034404264243601045,0.44778067885117495,0.0016,0.9696969696969697,0.2772758860319667,0.9696969696969697,0.0,0.2934782608695652,0.2771929824561403,0.8059071729957806,0.6183574879227054
1526,0.18005540166204986,0.0016666666666666666,0.025755879059350503,0.4322585581545998,0.9696969696969697,0.0007210756752425972,0.4360313315926893,0.0016,0.9797979797979799,0.2758860319666435,0.9797979797979799,0.0,0.29710144927536236,0.2842105263157894,0.7974683544303798,0.608695652173913
1527,0.18144044321329642,0.0016666666666666666,0.025755879059350503,0.4391766485534774,0.9797979797979799,0.0015741129119675,0.42297650130548303,0.0016,0.9797979797979799,0.241139680333565,0.9797979797979799,0.0,0.30434782608695654,0.28771929824561404,0.7879746835443038,0.6038647342995169
1528,0.18282548476454294,0.0016666666666666666,0.02351623740201568,0.41065891963695617,0.9696969696969697,0.00185688768657244,0.4112271540469974,0.0016,0.9797979797979799,0.250868658790827,0.9797979797979799,0.0,0.3115942028985507,0.29473684210526313,0.7763713080168776,0.5942028985507246
1529,0.1842105263157895,0.0016666666666666666,0.02295632698768197,0.36651622107208365,0.9595959595959597,0.002658082881286437,0.3994778067885118,0.0016,0.9595959595959597,0.25364836692147325,0.9595959595959597,0.0,0.31521739130434784,0.2982456140350877,0.7721518987341772,0.6135265700483091
1530,0.18559556786703602,0.0016666666666666666,0.0251959686450168,0.2980832788661769,0.9696969696969697,0.006631068464485845,0.03524804177545692,0.0016,0.9696969696969697,0.22863099374565674,0.9696969696969697,0.0,0.322463768115942,0.30526315789473685,0.7742616033755274,0.6231884057971014
1531,0.1883656509695291,0.0016666666666666666,0.02687569988801792,0.3161857002933141,0.9494949494949496,0.027000278061861695,0.3759791122715405,0.0016,0.9595959595959597,0.25990271021542743,0.9595959595959597,0.0,0.3297101449275362,0.30877192982456136,0.7710970464135021,0.6135265700483091
1532,0.18975069252077564,0.0016666666666666666,0.026315789473684213,0.26468639709552366,0.9595959595959597,0.0029785609591720355,0.36292428198433424,0.0016,0.9696969696969697,0.2744961779013204,0.9696969696969697,0.0,0.33333333333333337,0.3157894736842105,0.7637130801687764,0.5845410628019323
1533,0.018005540166204984,0.0022222222222222222,0.02687569988801792,0.2170611413318262,0.9595959595959597,0.0019228684673135927,0.35117493472584854,0.0016,0.9494949494949496,0.236275191104934,0.9494949494949496,0.0,0.34057971014492755,0.32280701754385965,0.7626582278481012,0.5797101449275363
1534,0.19806094182825487,0.0022222222222222222,0.02911534154535275,0.2105892134882111,0.9595959595959597,0.010358982576360972,0.33942558746736295,0.002,0.9595959595959597,0.236275191104934,0.9696969696969697,0.0,0.34782608695652173,0.32631578947368417,0.7647679324894514,0.5748792270531401
1535,0.20498614958448755,0.0022222222222222222,0.029675251959686455,0.23410303848700637,0.9797979797979799,0.029158792174679406,0.3263707571801567,0.002,0.98989898989899,0.236275191104934,0.98989898989899,0.0,0.35144927536231885,0.3333333333333333,0.7542194092827004,0.5603864734299516
1536,0.08310249307479224,0.0,0.0,0.0,1.0,0.0,0.34464751958224543,0.0,1.0,0.9541348158443365,1.0,0.0,0.4891304347826087,0.47368421052631576,0.7394514767932489,0.6135265700483091
1537,0.08448753462603878,0.0,0.0,0.20551399969527856,1.0,0.0,0.32898172323759794,0.0,1.0,0.9541348158443365,1.0,0.0,0.4891304347826087,0.4771929824561403,0.731012658227848,0.6135265700483091
1538,0.08725761772853186,0.0,0.0,0.16292798155681795,1.0,0.0,0.31462140992167104,0.0,1.0,0.7755385684503128,1.0,0.0,0.49275362318840576,0.4807017543859649,0.7204641350210971,0.5990338164251208
1539,0.0886426592797784,0.0,0.0,0.12620229601048524,1.0,0.0,0.30156657963446476,0.0,1.0,0.6365531619179987,1.0,0.0,0.4963768115942029,0.4842105263157894,0.7120253164556962,0.5845410628019323
1540,0.09141274238227147,0.0,0.10694288913773797,0.10816785266043777,0.9696969696969697,0.0,0.28851174934725854,0.0,0.9696969696969697,0.5635858234885337,0.9696969696969697,0.0,0.5,0.487719298245614,0.699367088607595,0.5700483091787439
1541,0.0997229916897507,0.0,0.10190369540873462,0.9129036503305475,0.9797979797979799,0.0,0.27545691906005226,0.0,0.9797979797979799,0.5510771369006254,0.9696969696969697,0.0,0.5036231884057971,0.49122807017543857,0.6888185654008439,0.5603864734299516
1542,0.10249307479224376,0.0,0.08846584546472566,0.010066914472935357,0.98989898989899,2.8277477460494007e-05,0.26370757180156656,0.0,0.98989898989899,0.6407227241139681,0.98989898989899,0.0,0.5072463768115942,0.4947368421052631,0.6867088607594937,0.5700483091787439
1543,0.11080332409972299,0.0,0.09798432250839867,0.1079493466829444,0.98989898989899,0.0,0.016971279373368148,0.0,0.98989898989899,0.6462821403752607,0.98989898989899,0.0,0.5108695652173912,0.4982456140350877,0.6761603375527426,0.5700483091787439
1544,0.11218836565096953,0.0,0.09910414333706608,0.6502218527152637,0.98989898989899,9.42582582016467e-05,0.2415143603133159,0.0,0.98989898989899,0.46143154968728284,0.98989898989899,0.0,0.5144927536231885,0.5017543859649123,0.6666666666666666,0.5748792270531401
1545,0.12049861495844875,0.0,0.09014557670772678,0.66094059272751,0.98989898989899,0.00022150690677386973,0.2310704960835509,0.0,0.98989898989899,0.5121612230715775,0.98989898989899,0.0,0.5144927536231885,0.5052631578947369,0.6561181434599156,0.5797101449275363
1546,0.12742382271468145,0.0,0.08174692049272117,0.6219782764040284,0.98989898989899,0.006574513509564857,0.22193211488250653,0.0,0.98989898989899,0.6615705350938151,0.98989898989899,0.0,0.5181159420289855,0.5052631578947369,0.6592827004219409,0.5845410628019323
1547,0.02077562326869806,0.0,0.08902575587905937,0.6129207954934113,0.9797979797979799,0.00017437777767304638,0.21279373368146215,0.0,0.9696969696969697,0.40931202223766505,0.9696969696969697,0.0,0.5217391304347826,0.5087719298245613,0.6508438818565401,0.5893719806763285
1548,0.15373961218836565,0.0,0.09742441209406497,0.49231029884282995,0.98989898989899,0.0003534684682561751,0.20496083550913838,0.0,0.98989898989899,0.41000694927032666,0.98989898989899,0.0,0.5253623188405797,0.5122807017543859,0.6339662447257384,0.5700483091787439
1549,0.1703601108033241,0.0,0.1086226203807391,0.43061593951336685,0.98989898989899,0.004364157354736242,0.19843342036553524,0.0,0.98989898989899,0.4016678248783878,0.98989898989899,0.0,0.5253623188405797,0.5122807017543859,0.629746835443038,0.5797101449275363
1550,0.1772853185595568,0.0,0.1103023516237402,0.4137516512475055,0.98989898989899,0.0,0.1906005221932115,0.0,0.9797979797979799,0.4058373870743572,0.98989898989899,0.0,0.5289855072463768,0.5157894736842105,0.6191983122362869,0.5700483091787439
1551,0.19113573407202217,0.0,0.10190369540873462,0.3006582473665789,0.9696969696969697,9.42582582016467e-05,0.185378590078329,0.0,0.98989898989899,0.5559416261292565,0.98989898989899,0.0,0.532608695652174,0.5157894736842105,0.6086497890295358,0.5458937198067633
1552,0.3670360110803324,0.028888888888888888,0.0,0.0,0.6464646464646465,0.001013276275667702,0.2976501305483029,0.033600000000000005,0.6666666666666667,0.4767199444058374,0.6464646464646465,0.02772277227722772,0.2753623188405797,0.2596491228070175,0.4620253164556962,0.4057971014492754
1553,0.37534626038781166,0.028888888888888888,0.0,0.4663928063236706,0.7373737373737375,0.0013667447439238772,0.2898172323759791,0.034,0.7474747474747475,0.4767199444058374,0.7373737373737375,0.0297029702970297,0.28260869565217395,0.26666666666666666,0.45358649789029537,0.3961352657004831
1554,0.3795013850415513,0.029444444444444443,0.0,0.36921971646693713,0.696969696969697,0.001041553753128196,0.28067885117493474,0.0344,0.07070707070707072,0.45726198749131347,0.696969696969697,0.0297029702970297,0.28985507246376807,0.27368421052631575,0.44409282700421937,0.3864734299516908
1555,0.03601108033240997,0.029444444444444443,0.0,0.09670616674249825,0.6666666666666667,0.0016071033023380761,0.27284595300261094,0.0352,0.7272727272727273,0.4496177901320361,0.6666666666666667,0.02772277227722772,0.29710144927536236,0.2807017543859649,0.43354430379746833,0.3719806763285024
1556,0.37396121883656513,0.03,0.0335946248600224,0.1019796859781006,0.6666666666666667,0.00011310990984197603,0.26501305483028725,0.036000000000000004,0.7272727272727273,0.457956914523975,0.6666666666666667,0.02772277227722772,0.30434782608695654,0.28771929824561404,0.42616033755274263,0.36231884057971014
1557,0.3767313019390582,0.03,0.03303471444568869,0.9601428624469098,0.7272727272727273,0.008101497292431533,0.022193211488250653,0.0364,0.7777777777777778,0.4412786657400973,0.7373737373737375,0.02772277227722772,0.31521739130434784,0.29473684210526313,0.4177215189873418,0.3526570048309179
1558,0.3808864265927978,0.030555555555555555,0.03247480403135498,0.8477428335700173,0.7171717171717172,0.013851251042731981,0.01566579634464752,0.037200000000000004,0.7777777777777778,0.4760250173731758,0.7373737373737375,0.0297029702970297,0.322463768115942,0.30526315789473685,0.4061181434599156,0.3429951690821256
1559,0.38365650969529086,0.030555555555555555,0.031354983202687564,0.1023102062009528,0.7474747474747475,0.00046186546518806884,0.2428198433420366,0.0376,0.7474747474747475,0.4683808200138986,0.7474747474747475,0.0297029702970297,0.3297101449275362,0.31228070175438594,0.37974683544303794,0.2801932367149758
1560,0.389196675900277,0.03111111111111111,0.03023516237402016,0.0819757767250704,0.7474747474747475,9.42582582016467e-06,0.2349869451697128,0.038400000000000004,0.7676767676767677,0.48436414176511466,0.7474747474747475,0.031683168316831684,0.33695652173913043,0.32280701754385965,0.3829113924050633,0.3091787439613527
1561,0.39750692520775627,0.03166666666666667,0.02911534154535275,0.678211249180162,0.09090909090909091,0.0006032528524905389,0.22845953002610966,0.0392,0.797979797979798,0.45587213342599026,0.787878787878788,0.033663366336633666,0.34782608695652173,0.32982456140350874,0.3691983122362869,0.2946859903381642
1562,0.038781163434903045,0.03166666666666667,0.03023516237402016,0.6031163737847494,0.8383838383838385,0.00015552612603271705,0.22193211488250653,0.040400000000000005,0.787878787878788,0.4405837387074357,0.7777777777777778,0.03564356435643564,0.35507246376811596,0.33684210526315783,0.3565400843881857,0.2801932367149758
1563,0.40858725761772857,0.03222222222222222,0.02687569988801792,0.5721085708603016,0.7373737373737375,0.0008106210205341616,0.21540469973890342,0.0412,0.07070707070707072,0.43641417651146636,0.696969696969697,0.03762376237623762,0.036231884057971016,0.031578947368421054,0.35126582278481017,0.26570048309178745
1564,0.41274238227146814,0.03277777777777778,0.029675251959686455,0.6671460989234276,0.797979797979798,0.0010933957951391017,0.20887728459530028,0.0424,0.6767676767676768,0.4343293954134816,0.6363636363636365,0.041584158415841586,0.043478260869565216,0.03859649122807018,0.33544303797468356,0.25120772946859904
1565,0.04155124653739612,0.03333333333333333,0.02911534154535275,0.03682542673875971,0.0,0.003379158556529034,0.20234986945169714,0.0432,0.6565656565656566,0.4391938846421126,0.6161616161616162,0.04356435643564356,0.050724637681159424,0.04912280701754386,0.32489451476793246,0.23671497584541065
1566,0.045706371191135735,0.03333333333333333,0.027995520716685332,0.44031517764861133,0.0,0.021038443230607544,0.19712793733681463,0.044000000000000004,0.5656565656565657,0.4440583738707436,0.494949494949495,0.04554455445544554,0.06159420289855072,0.056140350877192984,0.31329113924050633,0.2222222222222222
1567,0.04986149584487535,0.03333333333333333,0.025755879059350503,0.23984650592883588,0.0,0.007436976572109924,0.1906005221932115,0.0444,0.5353535353535354,0.4371091035441279,0.43434343434343436,0.047524752475247525,0.39492753623188404,0.06315789473684211,0.30696202531645567,0.21256038647342998
1568,0.07340720221606647,0.0,0.4748040313549832,0.0,0.9595959595959597,9.42582582016467e-06,0.8955613577023499,0.0,0.9797979797979799,0.6775538568450313,0.9797979797979799,0.0,0.025362318840579712,0.02456140350877193,0.8997890295358649,0.7053140096618358
1569,0.07479224376731301,0.0,0.4748040313549832,0.4102770619973504,0.09090909090909091,0.0,0.8903394255874675,0.0,1.0,0.6775538568450313,1.0,0.0,0.025362318840579712,0.02456140350877193,0.8934599156118144,0.6908212560386474
1570,0.07756232686980609,0.0,0.4798432250839866,0.3749134085697461,0.9494949494949496,0.0,0.885117493472585,0.0,1.0,0.6872828353022934,1.0,0.0,0.025362318840579712,0.021052631578947364,0.8734177215189873,0.6859903381642511
1571,0.07894736842105263,0.0,0.42889137737961924,0.03436905514639421,0.9393939393939394,0.0,0.8798955613577025,0.0,1.0,0.6914523974982627,1.0,0.0,0.025362318840579712,0.021052631578947364,0.8660337552742615,0.6811594202898551
1572,0.08033240997229917,0.0,0.3863381858902576,0.36072401069490106,0.8282828282828284,1.4138738730247004e-05,0.87467362924282,0.0,0.9696969696969697,0.6671299513551078,0.9696969696969697,0.0,0.025362318840579712,0.021052631578947364,0.871308016877637,0.7149758454106281
1573,0.08448753462603878,0.0,0.4423292273236282,0.2785283311873365,0.7575757575757577,0.0,0.8694516971279374,0.0,0.7676767676767677,0.5767894371091036,0.7676767676767677,0.0,0.025362318840579712,0.021052631578947364,0.8639240506329113,0.7053140096618358
1574,0.08587257617728532,0.0,0.41265397536394177,0.33607264222744776,0.8686868686868687,4.712912910082335e-06,0.8629242819843342,0.0,0.7373737373737375,0.5788742182070883,0.7373737373737375,0.0,0.025362318840579712,0.021052631578947364,0.859704641350211,0.6956521739130435
1575,0.08725761772853186,0.0,0.3992161254199328,0.26599631421433456,0.8686868686868687,4.712912910082335e-06,0.8563968668407311,0.0,0.7272727272727273,0.56636553161918,0.7272727272727273,0.0,0.021739130434782608,0.021052631578947364,0.8575949367088607,0.7053140096618358
1576,0.0886426592797784,0.0,0.4165733482642777,0.25831510171510624,0.8282828282828284,9.42582582016467e-06,0.849869451697128,0.0,0.7676767676767677,0.580958999305073,0.7474747474747475,0.0,0.021739130434782608,0.021052631578947364,0.8523206751054853,0.6956521739130435
1577,0.09002770083102493,0.0,0.4944008958566629,0.23846349088418597,0.8686868686868687,4.712912910082335e-06,0.8433420365535248,0.0,0.8383838383838385,0.6205698401667825,0.8585858585858587,0.0,0.021739130434782608,0.021052631578947364,0.8533755274261604,0.7149758454106281
1578,0.09141274238227147,0.0,0.3583426651735722,0.2250749868404166,0.8585858585858587,2.8277477460494007e-05,0.8355091383812011,0.0,0.9494949494949496,0.6136205698401668,0.9292929292929294,0.0,0.021739130434782608,0.021052631578947364,0.8491561181434599,0.7149758454106281
1579,0.09418282548476455,0.0,0.3650615901455767,0.2036518151274294,0.8585858585858587,1.885165164032934e-05,0.828981723237598,0.0,0.8989898989898991,0.5879082696316887,0.8989898989898991,0.0,0.021739130434782608,0.021052631578947364,0.8407172995780591,0.6859903381642511
1580,0.09695290858725762,0.0,0.37458006718924974,0.16811670265895595,0.8989898989898991,1.885165164032934e-05,0.8211488250652742,0.0,0.9494949494949496,0.5976372480889507,0.9494949494949496,0.0,0.021739130434782608,0.021052631578947364,0.8333333333333334,0.6666666666666667
1581,0.10249307479224376,0.0,0.3202687569988802,0.15553069889721977,0.0,3.2990390370576346e-05,0.8146214099216711,0.0,0.9595959595959597,0.5462126476719945,0.9595959595959597,0.0,0.021739130434782608,0.021052631578947364,0.8291139240506329,0.6666666666666667
1582,0.10803324099722991,0.0,0.3141097424412094,0.13022994391532233,0.0,9.42582582016467e-06,0.8067885117493473,0.0,0.9595959595959597,0.4940931202223767,0.9595959595959597,0.0,0.021739130434782608,0.021052631578947364,0.8259493670886077,0.6618357487922705
1583,0.009695290858725761,0.0,0.3124300111982083,0.13457680328134855,0.0,9.42582582016467e-06,0.8002610966057442,0.0,0.9494949494949496,0.4746351633078527,0.9494949494949496,0.0,0.025362318840579712,0.021052631578947364,0.8217299578059072,0.6666666666666667
1584,0.0332409972299169,0.0044444444444444444,0.0,0.0,0.7373737373737375,4.712912910082335e-06,0.03655352480417755,0.0048000000000000004,0.6767676767676768,0.2619874913134121,0.7373737373737375,0.015841584158415842,0.2789855072463768,0.2596491228070175,0.5411392405063291,0.4106280193236715
1585,0.03462603878116344,0.0044444444444444444,0.0,0.8106056376512845,0.8484848484848485,6.598078074115269e-05,0.027415143603133157,0.0048000000000000004,0.8484848484848485,0.2619874913134121,0.8484848484848485,0.015841584158415842,0.286231884057971,0.26666666666666666,0.5369198312236287,0.4106280193236715
1586,0.037396121883656507,0.0044444444444444444,0.0,0.08894959598744547,0.08080808080808081,0.00029220060042510476,0.370757180156658,0.0048000000000000004,0.08080808080808081,0.2522585128561501,0.08080808080808081,0.019801980198019806,0.28985507246376807,0.27368421052631575,0.5284810126582279,0.3961352657004831
1587,0.038781163434903045,0.0044444444444444444,0.0,0.6258747706797894,0.08080808080808081,0.0001649519518528817,0.36292428198433424,0.0048000000000000004,0.08080808080808081,0.2334954829742877,0.08080808080808081,0.02178217821782178,0.29710144927536236,0.2807017543859649,0.5179324894514767,0.37681159420289856
1588,0.29224376731301943,0.0044444444444444444,0.0,0.7940762270989852,0.7575757575757577,0.0011028216209592664,0.35378590078328986,0.0048000000000000004,0.7373737373737375,0.19944405837387078,0.7575757575757577,0.02178217821782178,0.30434782608695654,0.28771929824561404,0.5137130801687764,0.3719806763285024
1589,0.2950138504155125,0.0044444444444444444,0.0,0.8366881785324422,0.6464646464646465,0.006089083479826377,0.34464751958224543,0.0048000000000000004,0.5252525252525253,0.22793606671299513,0.6464646464646465,0.02178217821782178,0.3115942028985507,0.29473684210526313,0.510548523206751,0.36714975845410625
1590,0.296398891966759,0.0044444444444444444,0.0,0.11163464804920101,0.6464646464646465,0.0015175579570465118,0.3368146214099217,0.0048000000000000004,0.6363636363636365,0.26337734537873525,0.6464646464646465,0.02178217821782178,0.31884057971014496,0.3017543859649122,0.5021097046413502,0.3429951690821256
1591,0.2991689750692521,0.0044444444444444444,0.0005599104143337066,0.6186472681905965,0.7474747474747475,1.885165164032934e-05,0.3276762402088773,0.0048000000000000004,0.7373737373737375,0.22446143154968728,0.7474747474747475,0.023762376237623763,0.3297101449275362,0.30877192982456136,0.501054852320675,0.34782608695652173
1592,0.30193905817174516,0.0044444444444444444,0.0005599104143337066,0.0736615631505694,0.7474747474747475,5.184204201090568e-05,0.31984334203655357,0.0048000000000000004,0.7575757575757577,0.24600416956219598,0.7575757575757577,0.023762376237623763,0.33695652173913043,0.3157894736842105,0.501054852320675,0.35748792270531404
1593,0.30470914127423826,0.0044444444444444444,0.0,0.5589060008439533,0.686868686868687,0.00010368408402181136,0.31070496083550914,0.0048000000000000004,0.686868686868687,0.22307157748436415,0.686868686868687,0.023762376237623763,0.3442028985507246,0.32631578947368417,0.4915611814345992,0.34782608695652173
1594,0.3074792243767313,0.0044444444444444444,0.0,0.5521298290384431,0.42424242424242425,0.0005985399395804566,0.3028720626631854,0.0048000000000000004,0.7171717171717172,0.2925642807505212,0.7171717171717172,0.023762376237623763,0.35144927536231885,0.3333333333333333,0.48628691983122363,0.34782608695652173
1595,0.30886426592797783,0.0044444444444444444,0.0,0.05012053746533466,0.0,0.023748368153904884,0.29503916449086165,0.0048000000000000004,0.686868686868687,0.3266157053509382,0.07070707070707072,0.023762376237623763,0.03260869565217391,0.34035087719298246,0.4757383966244726,0.32367149758454106
1596,0.31163434903047094,0.0044444444444444444,0.0,0.29702724280063614,0.0,0.01701832851830731,0.2859007832898172,0.0048000000000000004,0.7575757575757577,0.3148019457956915,0.7676767676767677,0.023762376237623763,0.043478260869565216,0.03508771929824562,0.47151898734177217,0.3188405797101449
1597,0.314404432132964,0.0038888888888888888,0.0005599104143337066,0.41199895275303816,0.0,0.004161502099602702,0.2780678851174935,0.0048000000000000004,0.9191919191919192,0.3690062543432939,0.8989898989898991,0.02178217821782178,0.050724637681159424,0.042105263157894736,0.4704641350210971,0.3140096618357488
1598,0.31578947368421056,0.0038888888888888888,0.0,0.0028829819827413078,0.0,0.0065886522482951045,0.27023498694516973,0.0048000000000000004,0.7575757575757577,0.3015983321751216,0.7575757575757577,0.02178217821782178,0.057971014492753624,0.04912280701754386,0.46835443037974683,0.3140096618357488
1599,0.030470914127423823,0.0038888888888888888,0.0011198208286674134,0.8608776392620097,0.0,0.0,0.262402088772846,0.0044,0.5858585858585859,0.3655316191799861,0.5151515151515152,0.019801980198019806,0.06521739130434782,0.056140350877192984,0.46729957805907174,0.3091787439613527
1600,0.20083102493074795,0.0,0.0,0.0,0.9797979797979799,0.0,0.4216710182767624,0.0,0.98989898989899,0.33425990271021544,0.9797979797979799,0.0,0.2463768115942029,0.2350877192982456,0.8217299578059072,0.7342995169082125
1601,0.20360110803324102,0.0,0.0,0.1154689745359813,0.9797979797979799,0.0,0.41514360313315923,0.0,0.98989898989899,0.33425990271021544,0.9797979797979799,0.0,0.25,0.23859649122807017,0.8111814345991561,0.7101449275362318
1602,0.20221606648199447,0.0,0.0,0.09189841311101357,0.98989898989899,0.0,0.4086161879895561,0.0,0.98989898989899,0.33495482974287705,0.98989898989899,0.0,0.25,0.2421052631578947,0.8069620253164557,0.7101449275362318
1603,0.21191135734072022,0.0,0.0,0.9166986521239114,0.98989898989899,0.0,0.402088772845953,0.0,0.98989898989899,0.33078526754690757,0.98989898989899,0.0,0.25362318840579706,0.2421052631578947,0.7974683544303798,0.6908212560386474
1604,0.21745152354570638,0.0,0.1690929451287794,0.09203259623935446,0.98989898989899,9.42582582016467e-06,0.3955613577023499,0.0,0.98989898989899,0.3613620569840167,0.98989898989899,0.0,0.25362318840579706,0.24561403508771926,0.7890295358649789,0.6811594202898551
1605,0.22437673130193908,0.0,0.16461366181410977,1.0823458117550637e-11,1.0,5.6554954920988015e-05,0.03524804177545692,0.0,1.0,0.3676164002779708,1.0,0.0019801980198019802,0.2572463768115942,0.24912280701754386,0.7805907172995781,0.6763285024154589
1606,0.22853185595567868,0.0,0.15789473684210528,0.6252679969848112,1.0,7.069369365123502e-05,0.02872062663185379,0.0,1.0,0.34537873523280055,1.0,0.0,0.2608695652173913,0.2526315789473684,0.7742616033755274,0.6666666666666667
1607,0.22853185595567868,0.0,0.13885778275475927,0.006659972754405453,1.0,5.6554954920988015e-05,0.37467362924281983,0.0,1.0,0.31966643502432246,1.0,0.0,0.2644927536231884,0.2526315789473684,0.7679324894514767,0.6570048309178743
1608,0.221606648199446,0.0,0.18085106382978727,0.5834772255585784,0.9797979797979799,6.126786783107035e-05,0.36684073107049614,0.0,0.9696969696969697,0.2946490618485059,0.9797979797979799,0.0,0.2681159420289855,0.25614035087719295,0.7594936708860759,0.6521739130434783
1609,0.22714681440443216,0.0,0.20828667413213886,0.503214897357867,0.9797979797979799,1.4138738730247004e-05,0.360313315926893,0.0,0.98989898989899,0.3043780403057679,0.9797979797979799,0.0,0.2717391304347826,0.2596491228070175,0.7521097046413502,0.6473429951690821
1610,0.23130193905817176,0.0,0.2200447928331467,0.4807166840164522,0.9797979797979799,3.2990390370576346e-05,0.35248041775456923,0.0,0.9797979797979799,0.310632383599722,0.9797979797979799,0.0,0.2753623188405797,0.2631578947368421,0.7426160337552742,0.6280193236714976
1611,0.23130193905817176,0.0,0.23236282194848826,0.5102319766076613,0.98989898989899,0.00013196156148230539,0.34595300261096606,0.0,0.98989898989899,0.2981236970118138,0.98989898989899,0.0,0.2789855072463768,0.26666666666666666,0.7341772151898733,0.6183574879227054
1612,0.23961218836565099,0.0,0.2278835386338186,0.0408453289617105,0.9797979797979799,0.003661933331133974,0.3381201044386423,0.0,1.0,0.2883947185545518,1.0,0.0,0.28260869565217395,0.2701754385964912,0.7246835443037976,0.608695652173913
1613,0.24653739612188366,0.0,0.23124300111982082,0.37024268316156406,0.888888888888889,0.0,0.33159268929503916,0.0,0.888888888888889,0.2946490618485059,0.888888888888889,0.0,0.28260869565217395,0.27368421052631575,0.7204641350210971,0.6038647342995169
1614,0.24376731301939059,0.0,0.2446808510638298,0.7027133121644386,0.9292929292929294,0.0,0.3237597911227154,0.0,0.9393939393939394,0.26893676164002783,0.9292929292929294,0.0,0.286231884057971,0.2771929824561403,0.709915611814346,0.5893719806763285
1615,0.24376731301939059,0.0,0.25699888017917133,0.3368772457802881,0.888888888888889,0.0,0.3172323759791123,0.0,0.888888888888889,0.26268241834607364,0.888888888888889,0.0,0.28985507246376807,0.2807017543859649,0.7035864978902954,0.5845410628019323
1616,0.16759002770083103,0.016666666666666666,0.29395296752519595,0.0,0.8282828282828284,0.0,0.8159268929503918,0.014,0.8787878787878789,0.43780403057678946,0.8787878787878789,0.0,0.050724637681159424,0.04912280701754386,0.79957805907173,0.6425120772946861
1617,0.16759002770083103,0.017222222222222222,0.29395296752519595,0.016845173122144813,0.8484848484848485,1.4138738730247004e-05,0.8067885117493473,0.014400000000000001,0.8787878787878789,0.43780403057678946,0.8787878787878789,0.0,0.05434782608695653,0.04912280701754386,0.7953586497890295,0.6328502415458936
1618,0.015235457063711912,0.017777777777777778,0.29227323628219487,0.015065748925053954,0.8282828282828284,0.0,0.797650130548303,0.0148,0.8383838383838385,0.43780403057678946,0.8383838383838385,0.0,0.05434782608695653,0.04912280701754386,0.7943037974683544,0.6231884057971014
1619,0.1689750692520776,0.018333333333333333,0.2956326987681971,0.011288276458499261,1.0,0.0,0.7898172323759792,0.0152,1.0,0.4315496872828353,1.0,0.0,0.05434782608695653,0.04912280701754386,0.7890295358649789,0.6135265700483091
1620,0.1703601108033241,0.01888888888888889,0.29619260918253076,0.11190427358393727,0.98989898989899,1.4138738730247004e-05,0.07571801566579635,0.015600000000000001,0.9797979797979799,0.4447533009034052,0.9797979797979799,0.0,0.05434782608695653,0.052631578947368425,0.7858649789029536,0.608695652173913
1621,0.17451523545706374,0.019444444444444445,0.2911534154535274,0.10347472718777911,0.9393939393939394,0.0,0.06657963446475196,0.016,0.9595959595959597,0.4440583738707436,0.9595959595959597,0.0,0.05434782608695653,0.052631578947368425,0.7795358649789029,0.6038647342995169
1622,0.01662049861495845,0.02,0.2945128779395296,0.8831938749047178,0.9595959595959597,0.0,0.762402088772846,0.016800000000000002,0.9595959595959597,0.4586518415566366,0.9595959595959597,0.0,0.057971014492753624,0.052631578947368425,0.7784810126582279,0.6038647342995169
1623,0.17451523545706374,0.020555555555555556,0.29955207166853304,0.1601414911039264,0.9797979797979799,0.0,0.7532637075718017,0.0172,0.9696969696969697,0.4586518415566366,0.9696969696969697,0.0,0.057971014492753624,0.052631578947368425,0.7753164556962026,0.5942028985507246
1624,0.1689750692520776,0.021111111111111112,0.2989921612541993,0.10592240573492398,0.98989898989899,0.0,0.7428198433420367,0.018000000000000002,0.98989898989899,0.41139680333564976,0.98989898989899,0.0,0.057971014492753624,0.056140350877192984,0.7710970464135021,0.5942028985507246
1625,0.17174515235457066,0.022222222222222223,0.2855543113101904,0.9818740281100043,0.98989898989899,0.0001083969969318937,0.7336814621409923,0.0188,0.98989898989899,0.40514246004169563,0.98989898989899,0.0,0.06159420289855072,0.056140350877192984,0.7626582278481012,0.5893719806763285
1626,0.1731301939058172,0.023333333333333334,0.2754759238521836,1.0,0.98989898989899,2.8277477460494007e-05,0.7232375979112272,0.0196,0.98989898989899,0.4447533009034052,0.98989898989899,0.0,0.06159420289855072,0.056140350877192984,0.7584388185654009,0.5893719806763285
1627,0.1703601108033241,0.024444444444444446,0.27379619260918253,0.922350469725624,0.98989898989899,0.00030162642624526943,0.714099216710183,0.020800000000000003,0.98989898989899,0.42460041695621964,0.98989898989899,0.0,0.06159420289855072,0.05964912280701755,0.7531645569620253,0.5845410628019323
1628,0.17451523545706374,0.025555555555555557,0.2726763717805151,0.7824975564333884,0.98989898989899,0.00020736816804362273,0.7036553524804179,0.022000000000000002,0.98989898989899,0.4308547602501738,0.98989898989899,0.0,0.06521739130434782,0.05964912280701755,0.7468354430379747,0.5748792270531401
1629,0.17451523545706374,0.02722222222222222,0.2665173572228443,0.012206114770784787,0.9797979797979799,0.0,0.6932114882506528,0.023200000000000002,0.98989898989899,0.3835997220291869,0.9797979797979799,0.0,0.06521739130434782,0.05964912280701755,0.7415611814345991,0.5603864734299516
1630,0.1731301939058172,0.028888888888888888,0.2715565509518477,0.13333097532215485,0.9797979797979799,1.4138738730247004e-05,0.6814621409921673,0.024800000000000003,0.9797979797979799,0.37178596247394025,0.9797979797979799,0.0,0.06521739130434782,0.06315789473684211,0.7383966244725738,0.5603864734299516
1631,0.1772853185595568,0.030555555555555555,0.2788353863381859,0.10245307936955556,0.9797979797979799,0.00014138738730247005,0.6710182767624022,0.0264,0.9797979797979799,0.34607366226546216,0.9797979797979799,0.0,0.06884057971014493,0.06315789473684211,0.7320675105485231,0.5507246376811594
1632,0.22853185595567868,0.0,0.08790593505039195,0.0,0.787878787878788,0.0,0.8929503916449089,0.0,0.7171717171717172,0.9527449617790134,0.7272727272727273,0.0,0.003623188405797102,0.0035087719298245615,0.6719409282700421,0.5652173913043478
1633,0.2257617728531856,0.0,0.08790593505039195,0.0,0.8181818181818182,0.0006598078074115268,0.8838120104438644,0.0,0.7676767676767677,0.9527449617790134,0.7777777777777778,0.0,0.003623188405797102,0.0035087719298245615,0.6740506329113924,0.5652173913043478
1634,0.22853185595567868,0.0,0.0929451287793953,0.0,0.8383838383838385,0.0,0.8759791122715405,0.0,0.8181818181818182,0.9298123697011815,0.8181818181818182,0.0,0.003623188405797102,0.0035087719298245615,0.6761603375527426,0.5652173913043478
1635,0.23130193905817176,0.0,0.16629339305711088,0.0,0.8282828282828284,0.0,0.8681462140992168,0.0,0.8181818181818182,0.8874218207088256,0.8181818181818182,0.0,0.003623188405797102,0.0035087719298245615,0.6751054852320675,0.5652173913043478
1636,0.2326869806094183,0.0,0.10526315789473685,0.0,0.8383838383838385,0.0,0.8616187989556137,0.0,0.8383838383838385,0.9562195969423211,0.8484848484848485,0.0,0.003623188405797102,0.0035087719298245615,0.6729957805907173,0.5652173913043478
1637,0.23545706371191136,0.0,0.09798432250839867,0.0,0.888888888888889,0.0,0.85378590078329,0.0,0.8585858585858587,0.9610840861709521,0.8585858585858587,0.0,0.003623188405797102,0.0035087719298245615,0.6677215189873418,0.5555555555555556
1638,0.2368421052631579,0.0,0.11478163493840987,0.0,0.8989898989898991,0.0,0.8459530026109662,0.0,0.8181818181818182,0.9339819318971508,0.9191919191919192,0.0,0.003623188405797102,0.0035087719298245615,0.6635021097046413,0.5507246376811594
1639,0.23961218836565099,0.0,0.1097424412094065,0.0,0.8989898989898991,0.0,0.8381201044386425,0.0,0.888888888888889,0.8992355802640722,0.8585858585858587,0.0,0.003623188405797102,0.0035087719298245615,0.6624472573839663,0.5410628019323671
1640,0.2409972299168975,0.0,0.09126539753639418,0.0,0.09090909090909091,0.0,0.8315926892950393,0.0,0.797979797979798,0.8332175121612231,0.797979797979798,0.0,0.003623188405797102,0.0035087719298245615,0.6592827004219409,0.5314009661835749
1641,0.24238227146814406,0.0,0.09630459126539755,0.0,0.8484848484848485,0.0,0.8237597911227155,0.0,0.8181818181818182,0.8283530229325922,0.6767676767676768,0.0,0.003623188405797102,0.0035087719298245615,0.6561181434599156,0.5265700483091788
1642,0.24515235457063714,0.0,0.10582306830907055,0.0,0.9191919191919192,0.0,0.8172323759791124,0.0,0.9494949494949496,0.8415566365531619,0.9494949494949496,0.0,0.003623188405797102,0.0035087719298245615,0.6508438818565401,0.5169082125603864
1643,0.24653739612188366,0.0,0.11254199328107505,0.0,0.08080808080808081,0.0,0.8120104438642299,0.0,0.8282828282828284,0.11396803335649756,0.787878787878788,0.0,0.003623188405797102,0.0035087719298245615,0.6497890295358649,0.5072463768115942
1644,0.023545706371191136,0.0,0.1758118701007839,0.0,0.8989898989898991,0.0,0.8067885117493473,0.0,0.888888888888889,0.6733842946490618,0.9292929292929294,0.0,0.003623188405797102,0.0035087719298245615,0.6455696202531646,0.5024154589371981
1645,0.027700831024930747,0.0,0.15509518477043674,0.0,0.8585858585858587,0.0,0.8015665796344649,0.0,0.8484848484848485,0.5698401667824878,0.8484848484848485,0.0,0.003623188405797102,0.0035087719298245615,0.6413502109704641,0.49275362318840576
1646,0.25207756232686984,0.0,0.15733482642777155,0.0,0.8181818181818182,0.0,0.7963446475195823,0.0,0.797979797979798,0.5962473940236276,0.7575757575757577,0.0,0.007246376811594202,0.0035087719298245615,0.6371308016877637,0.48792270531400966
1647,0.2548476454293629,0.0,0.12430011198208288,0.0,0.8787878787878789,0.0,0.7898172323759792,0.0,0.8585858585858587,0.5476025017373176,0.8585858585858587,0.0,0.007246376811594202,0.007017543859649122,0.0,0.0
1648,0.3060941828254848,0.0005555555555555556,0.0,0.0,1.0,0.09595019393636625,0.6749347258485641,0.0004,1.0,0.3287004864489229,1.0,0.0,0.07608695652173914,0.07719298245614034,0.7732067510548523,0.7149758454106281
1649,0.3102493074792244,0.0005555555555555556,0.0,0.2814668744570413,1.0,0.0,0.6592689295039166,0.0004,1.0,0.3287004864489229,1.0,0.0,0.07608695652173914,0.07719298245614034,0.7689873417721519,0.7149758454106281
1650,0.31301939058171746,0.0005555555555555556,0.0,0.24159454263043548,0.98989898989899,0.0,0.6449086161879897,0.0004,0.98989898989899,0.2925642807505212,0.98989898989899,0.0,0.07608695652173914,0.07719298245614034,0.7594936708860759,0.7101449275362318
1651,0.3185595567867036,0.0005555555555555556,0.0,0.2542481451432996,1.0,0.0,0.6292428198433422,0.0008,1.0,0.29325920778318276,1.0,0.0,0.07608695652173914,0.07719298245614034,0.751054852320675,0.7101449275362318
1652,0.32409972299168976,0.0005555555555555556,0.0,0.2582665055219064,1.0,0.0,0.6135770234986946,0.0008,1.0,0.3092425295343989,1.0,0.0,0.07608695652173914,0.07719298245614034,0.7394514767932489,0.7053140096618358
1653,0.0332409972299169,0.0005555555555555556,0.32418812989921614,0.22353129745175151,0.9696969696969697,3.2990390370576346e-05,0.5992167101827677,0.0008,0.9696969696969697,0.3266157053509382,0.9696969696969697,0.0,0.07608695652173914,0.07719298245614034,0.731012658227848,0.6908212560386474
1654,0.32409972299168976,0.0005555555555555556,0.25755879059350506,0.13438966236232094,0.9797979797979799,3.770330328065868e-05,0.5861618798955615,0.0008,0.9696969696969697,0.3676164002779708,0.9595959595959597,0.0,0.07608695652173914,0.07719298245614034,0.7236286919831224,0.6666666666666667
1655,0.3102493074792244,0.0011111111111111111,0.23796192609182532,0.18131152779474038,0.9696969696969697,0.00014610030021255238,0.5731070496083551,0.0008,0.9595959595959597,0.3877692842251564,0.9696969696969697,0.0,0.07608695652173914,0.07719298245614034,0.709915611814346,0.6473429951690821
1656,0.03462603878116344,0.0011111111111111111,0.2116461366181411,0.012690753118611642,0.98989898989899,5.6554954920988015e-05,0.5600522193211489,0.0008,1.0,0.3891591382904795,0.9595959595959597,0.0,0.07608695652173914,0.08070175438596491,0.6972573839662447,0.6280193236714976
1657,0.37396121883656513,0.0011111111111111111,0.16237402015677493,0.12232250449754156,0.98989898989899,0.0001225357356621407,0.5483028720626633,0.0008,0.98989898989899,0.325225851285615,1.0,0.0,0.07608695652173914,0.08070175438596491,0.6845991561181435,0.6135265700483091
1658,0.3781163434903047,0.0011111111111111111,0.15341545352743563,0.988467960084238,0.98989898989899,0.0,0.5365535248041776,0.0008,1.0,0.41000694927032666,1.0,0.0,0.07971014492753623,0.08070175438596491,0.6719409282700421,0.5700483091787439
1659,0.3919667590027701,0.0011111111111111111,0.09742441209406497,0.733625673792126,0.98989898989899,0.0,0.5261096605744126,0.0008,1.0,0.4162612925642808,1.0,0.0,0.07971014492753623,0.08070175438596491,0.6550632911392406,0.5410628019323671
1660,0.37396121883656513,0.0011111111111111111,0.07278835386338187,0.5614952194598261,0.98989898989899,8.483243238148202e-05,0.04569190600522193,0.0008,0.98989898989899,0.4294649061848506,0.98989898989899,0.0,0.08333333333333333,0.08421052631578947,0.6424050632911392,0.5072463768115942
1661,0.36288088642659283,0.0011111111111111111,0.13549832026875702,0.5570069918085482,0.98989898989899,0.005679060056649214,0.5065274151436032,0.0008,0.98989898989899,0.40375260597637247,0.98989898989899,0.0,0.08333333333333333,0.08421052631578947,0.6318565400843882,0.48792270531400966
1662,0.3670360110803324,0.0011111111111111111,0.16013437849944012,0.6195145101089607,0.9595959595959597,0.05031977114094909,0.4973890339425588,0.0012000000000000001,0.9595959595959597,0.378735232800556,0.9595959595959597,0.0,0.08695652173913043,0.08771929824561403,0.620253164556962,0.45410628019323673
1663,0.3781163434903047,0.0011111111111111111,0.15565509518477044,0.005652466372310501,0.9393939393939394,0.0043594444418261595,0.489556135770235,0.0012000000000000001,0.9494949494949496,0.34190410006949273,0.9494949494949496,0.0,0.09057971014492754,0.08771929824561403,0.6139240506329113,0.42995169082125606
1664,0.02077562326869806,0.0,0.0,0.0,0.8282828282828284,0.0,0.7937336814621411,0.0,0.8989898989898991,0.4461431549687283,0.8989898989898991,0.0,0.06159420289855072,0.05964912280701755,0.8481012658227849,0.7294685990338164
1665,0.0221606648199446,0.0,0.0,0.7272292465392157,0.8787878787878789,0.0,0.787206266318538,0.0,0.9191919191919192,0.4461431549687283,0.9191919191919192,0.0,0.06159420289855072,0.06315789473684211,0.8470464135021097,0.7294685990338164
1666,0.02493074792243767,0.0,0.0,0.07083135465437701,0.09090909090909091,0.0,0.07441253263707573,0.0,0.9494949494949496,0.44683808200138986,0.9494949494949496,0.0,0.06159420289855072,0.06315789473684211,0.8428270042194094,0.7294685990338164
1667,0.013850415512465374,0.0,0.0,0.64920449217188,0.09090909090909091,0.0,0.06788511749347259,0.0,0.9494949494949496,0.5038220986796387,0.9494949494949496,0.0,0.06521739130434782,0.06315789473684211,0.8407172995780591,0.7294685990338164
1668,0.1551246537396122,0.0,0.3667413213885778,0.6678395025747352,0.9191919191919192,2.3564564550411675e-05,0.7663185378590079,0.0,0.9595959595959597,0.48088950660180685,0.9595959595959597,0.0,0.06521739130434782,0.06666666666666667,0.8354430379746836,0.7294685990338164
1669,0.15789473684210528,0.0,0.3667413213885778,0.6365353456082996,0.09090909090909091,2.3564564550411675e-05,0.7584856396866841,0.0,0.9393939393939394,0.47949965253648374,0.9494949494949496,0.0,0.06884057971014493,0.06666666666666667,0.830168776371308,0.7246376811594203
1670,0.16066481994459836,0.0,0.3605823068309071,0.4904912762005789,0.8787878787878789,0.0,0.7506527415143605,0.0,0.9191919191919192,0.4656011118832523,0.9292929292929294,0.0,0.06884057971014493,0.07017543859649122,0.8280590717299579,0.7053140096618358
1671,0.1662049861495845,0.0,0.3449048152295633,0.7103032617620738,0.9393939393939394,0.0,0.741514360313316,0.0,0.9595959595959597,0.42599027102154274,0.9595959595959597,0.0,0.07246376811594203,0.07017543859649122,0.8164556962025317,0.6859903381642511
1672,0.17174515235457066,0.0,0.2782754759238522,0.6796404337134758,0.09090909090909091,0.0,0.7336814621409923,0.0,0.9292929292929294,0.4683808200138986,0.9292929292929294,0.0,0.07246376811594203,0.0736842105263158,0.8037974683544303,0.6570048309178743
1673,0.01662049861495845,0.0,0.30067189249720044,0.5967153891112059,0.09090909090909091,0.0,0.7245430809399479,0.0,0.09090909090909091,0.5628908964558721,0.09090909090909091,0.0,0.07608695652173914,0.0736842105263158,0.7921940928270043,0.6376811594202898
1674,0.18282548476454294,0.0,0.0,0.5281792709448347,0.0,0.0,0.714099216710183,0.0,0.0,0.5879082696316887,0.0,0.0,0.07971014492753623,0.07719298245614034,0.7869198312236287,0.6183574879227054
1675,0.1842105263157895,0.0,0.0,0.5721631955016171,0.0,0.0,0.7049608355091385,0.0,0.0,0.5872133425990271,0.0,0.0,0.07971014492753623,0.08070175438596491,0.7805907172995781,0.608695652173913
1676,0.1842105263157895,0.0,0.0,0.4958966224765173,0.0,0.0,0.6945169712793735,0.0,0.0,0.6191799861014594,0.0,0.0,0.08333333333333333,0.08070175438596491,0.0,0.0
1677,0.18698060941828257,0.0,0.0,0.3654053933896852,0.0,0.0,0.6853785900783291,0.0,0.0,0.5788742182070883,0.0,0.0,0.08695652173913043,0.08421052631578947,0.0,0.0
1678,0.18698060941828257,0.0,0.0,0.3372546715063719,0.0,0.0,0.6749347258485641,0.0,0.0,0.5719249478804727,0.0,0.0,0.08695652173913043,0.08771929824561403,0.0,0.0
1679,0.19806094182825487,0.0,0.0,0.27500106591146184,0.0,0.0,0.664490861618799,0.0,0.0,0.5086865879082697,0.0,0.0,0.09057971014492754,0.0912280701754386,0.0,0.0
1680,0.13019390581717452,0.009444444444444445,0.02351623740201568,0.0,1.0,8.011951947139969e-05,0.7506527415143605,0.008,1.0,0.4107018763029882,1.0,0.0,0.22826086956521743,0.21403508771929822,0.680379746835443,0.5845410628019323
1681,0.13157894736842107,0.01,0.02351623740201568,0.1990628420265042,1.0,4.712912910082335e-05,0.7375979112271541,0.008400000000000001,1.0,0.4107018763029882,1.0,0.0,0.22826086956521743,0.21403508771929822,0.6751054852320675,0.5845410628019323
1682,0.1329639889196676,0.01,0.024636058230683093,0.18015718941119613,1.0,0.0004335879877275748,0.7245430809399479,0.008400000000000001,1.0,0.4127866574009729,1.0,0.0,0.22826086956521743,0.21403508771929822,0.6687763713080169,0.5845410628019323
1683,0.13573407202216067,0.010555555555555556,0.03023516237402016,0.19190204902097438,1.0,0.003148225823935,0.7114882506527416,0.0088,1.0,0.4273801250868659,1.0,0.0,0.22463768115942032,0.21403508771929822,0.6571729957805907,0.5603864734299516
1684,0.018005540166204984,0.010555555555555556,0.029675251959686455,0.022131070984897028,0.98989898989899,0.0046280804777008525,0.699738903394256,0.0088,0.98989898989899,0.4162612925642808,1.0,0.0,0.22463768115942032,0.21403508771929822,0.6455696202531646,0.5410628019323671
1685,0.013850415512465374,0.011111111111111112,0.03079507278835387,0.18396279309975552,0.98989898989899,0.002983273872082118,0.6866840731070497,0.0092,1.0,0.4072272411396804,1.0,0.0,0.22463768115942032,0.21403508771929822,0.6360759493670886,0.5169082125603864
1686,0.1592797783933518,0.011111111111111112,0.0341545352743561,0.18860151539655998,0.98989898989899,0.0039305693670086675,0.6749347258485641,0.0092,1.0,0.3940236275191105,1.0,0.0,0.22826086956521743,0.21403508771929822,0.6286919831223629,0.5072463768115942
1687,0.1689750692520776,0.011666666666666667,0.027995520716685332,0.17164915148870583,0.9797979797979799,0.0068572882841697975,0.6618798955613578,0.009600000000000001,1.0,0.37595552466990967,1.0,0.0,0.22826086956521743,0.2175438596491228,0.6213080168776371,0.497584541062802
1688,0.17590027700831026,0.011666666666666667,0.03079507278835387,0.15790371643913964,0.9595959595959597,0.010594628221865089,0.06266318537859009,0.01,0.9595959595959597,0.3808200138985407,0.9595959595959597,0.0,0.22826086956521743,0.2175438596491228,0.6128691983122363,0.4830917874396135
1689,0.18282548476454294,0.012222222222222223,0.031914893617021274,0.1279743832000823,0.9595959595959597,0.005735615011570202,0.6383812010443864,0.01,0.9797979797979799,0.36344683808200146,0.9797979797979799,0.0,0.22826086956521743,0.2175438596491228,0.6065400843881856,0.4830917874396135
1690,0.1883656509695291,0.012222222222222223,0.025755879059350503,0.9485023403143252,0.9696969696969697,0.0,0.6279373368146215,0.010400000000000001,0.98989898989899,0.3891591382904795,0.98989898989899,0.0,0.23188405797101452,0.2175438596491228,0.600210970464135,0.4734299516908213
1691,0.1952908587257618,0.012777777777777779,0.03079507278835387,0.1005297258610202,0.9595959595959597,0.03015792971161686,0.6161879895561359,0.0108,0.9797979797979799,0.36275191104933985,0.9797979797979799,0.0,0.23188405797101452,0.22105263157894736,0.5917721518987342,0.46376811594202894
1692,0.20083102493074795,0.013333333333333332,0.031914893617021274,0.883107918259483,0.09090909090909091,0.05109268885820259,0.6044386422976502,0.0112,0.9191919191919192,0.36483669214732456,0.9191919191919192,0.0,0.2355072463768116,0.22105263157894736,0.5812236286919832,0.44927536231884063
1693,0.019390581717451522,0.013888888888888888,0.0251959686450168,0.6683963715171354,0.9292929292929294,0.02827747746049401,0.5939947780678853,0.011600000000000001,0.9494949494949496,0.3690062543432939,0.9494949494949496,0.0,0.2355072463768116,0.2245614035087719,0.569620253164557,0.42512077294685996
1694,0.21329639889196678,0.014444444444444444,0.0251959686450168,0.0007123399999774968,0.8484848484848485,0.01283797476706428,0.5835509138381202,0.012,0.9393939393939394,0.30854760250173735,0.9696969696969697,0.0,0.23913043478260873,0.2245614035087719,0.559071729957806,0.4106280193236715
1695,0.02077562326869806,0.015,0.024636058230683093,0.6352623091497737,0.43434343434343436,0.034724742321486646,0.5718015665796345,0.0128,0.9595959595959597,0.2904794996525365,0.9595959595959597,0.0,0.23913043478260873,0.22807017543859645,0.5474683544303798,0.3864734299516908
1696,0.4903047091412743,0.03333333333333333,0.0,0.0,0.08080808080808081,0.00037232011989650444,0.2819843342036554,0.0324,0.08080808080808081,0.48505906879777627,0.08080808080808081,0.07524752475247524,0.12681159420289856,0.11929824561403508,0.43670886075949367,0.43961352657004826
1697,0.518005540166205,0.03388888888888889,0.0,0.5500235937392729,0.797979797979798,4.241621619074101e-05,0.27676240208877284,0.033600000000000005,0.797979797979798,0.48505906879777627,0.797979797979798,0.0792079207920792,0.12681159420289856,0.11929824561403508,0.4314345991561181,0.43961352657004826
1698,0.062326869806094184,0.034444444444444444,0.06438969764837627,0.5822947495424506,0.787878787878788,3.770330328065868e-05,0.27154046997389036,0.034800000000000005,0.787878787878788,0.41000694927032666,0.787878787878788,0.099009900990099,0.12681159420289856,0.11929824561403508,0.4272151898734177,0.43961352657004826
1699,0.06509695290858726,0.035555555555555556,0.06606942889137739,0.49992369372976675,0.7676767676767677,0.0006833723719619386,0.26501305483028725,0.036000000000000004,0.7373737373737375,0.3877692842251564,0.7676767676767677,0.13465346534653466,0.12681159420289856,0.11929824561403508,0.4219409282700422,0.4444444444444444
1700,0.06371191135734072,0.03666666666666667,0.05207166853303471,0.40873629222662455,0.7676767676767677,0.0008341855850845732,0.024804177545691905,0.0376,0.7373737373737375,0.4329395413481585,0.7676767676767677,0.18811881188118812,0.13043478260869568,0.12280701754385966,0.41877637130801687,0.45893719806763283
1701,0.06371191135734072,0.03833333333333333,0.05319148936170213,0.5752887050020797,0.7474747474747475,0.010938670864301099,0.0195822454308094,0.0392,0.7373737373737375,0.37387074357192496,0.7474747474747475,0.2118811881188119,0.13043478260869568,0.12280701754385966,0.41139240506329117,0.44927536231884063
1702,0.004155124653739612,0.03888888888888889,0.06550951847704367,0.3981787662489881,0.7474747474747475,0.0002827747746049401,0.014360313315926894,0.040400000000000005,0.7474747474747475,0.37734537873523283,0.7474747474747475,0.22178217821782178,0.13043478260869568,0.12280701754385966,0.4029535864978903,0.4444444444444444
1703,0.060941828254847646,0.04,0.08230683090705487,7.982330252268876e-11,0.7575757575757577,1.885165164032934e-05,0.24412532637075718,0.041600000000000005,0.7474747474747475,0.3412091730368312,0.7575757575757577,0.24752475247524752,0.13043478260869568,0.1263157894736842,0.3924050632911392,0.42512077294685996
1704,0.5872576177285319,0.04111111111111111,0.05711086226203808,0.05403945454309368,0.7575757575757577,0.0012583477469919834,0.2389033942558747,0.0432,0.7575757575757577,0.36483669214732456,0.7575757575757577,0.2772277227722772,0.13405797101449277,0.1263157894736842,0.37974683544303794,0.3961352657004831
1705,0.5997229916897507,0.043333333333333335,0.06662933930571109,0.5869330026650261,0.7575757575757577,0.0008624630625450673,0.23368146214099217,0.045200000000000004,0.7373737373737375,0.45239749826268244,0.787878787878788,0.3207920792079208,0.13405797101449277,0.1263157894736842,0.37236286919831224,0.3816425120772947
1706,0.5997229916897507,0.044444444444444446,0.06830907054871221,0.6744508489861878,0.7575757575757577,0.05937327684121725,0.22845953002610966,0.0468,0.7171717171717172,0.477414871438499,0.08080808080808081,0.3188118811881188,0.13768115942028986,0.12982456140350876,0.359704641350211,0.3526570048309179
1707,0.592797783933518,0.04555555555555556,0.08566629339305712,0.4665895268509207,0.7676767676767677,0.044282529703133615,0.2232375979112272,0.048,0.696969696969697,0.4107018763029882,0.8383838383838385,0.31287128712871287,0.13768115942028986,0.12982456140350876,0.350210970464135,0.33816425120772947
1708,0.5858725761772854,0.04722222222222222,0.093505039193729,0.42597189262995566,0.7676767676767677,0.13619375727555932,0.21801566579634465,0.049600000000000005,0.6767676767676768,0.4440583738707436,0.8585858585858587,0.300990099009901,0.14130434782608697,0.1333333333333333,0.33544303797468356,0.32367149758454106
1709,0.5747922437673131,0.04833333333333333,0.12038073908174694,0.4089345294567303,0.7676767676767677,0.033720891871639104,0.21279373368146215,0.050800000000000005,0.7676767676767677,0.448227936066713,0.7676767676767677,0.2851485148514851,0.14130434782608697,0.13684210526315788,0.3280590717299578,0.2995169082125604
1710,0.06509695290858726,0.05,0.11646136618141098,0.3788764136012303,0.25252525252525254,0.03339098796793334,0.20757180156657962,0.0528,0.7272727272727273,0.3919388464211258,0.7373737373737375,0.2633663366336634,0.14492753623188406,0.13684210526315788,0.3143459915611814,0.2801932367149758
1711,0.05817174515235457,0.051666666666666666,0.06326987681970885,0.4725047969005718,0.0,0.03475773271185722,0.20234986945169714,0.054400000000000004,0.696969696969697,0.4280750521195275,0.07070707070707072,0.2396039603960396,0.14855072463768118,0.14035087719298242,0.30696202531645567,0.2608695652173913
1712,0.2742382271468144,0.021666666666666667,0.0,0.0,0.8989898989898991,2.8277477460494007e-05,0.2976501305483029,0.02,0.8989898989898991,0.15844336344683807,0.8989898989898991,0.0039603960396039604,0.46014492753623193,0.4526315789473684,0.5822784810126582,0.43961352657004826
1713,0.027700831024930747,0.022222222222222223,0.0,0.45412826794253025,0.888888888888889,0.0005749753750300448,0.2859007832898172,0.020800000000000003,0.888888888888889,0.15844336344683807,0.888888888888889,0.0039603960396039604,0.463768115942029,0.45614035087719296,0.5770042194092827,0.43961352657004826
1714,0.029085872576177285,0.023333333333333334,0.03863381858902575,0.38401304264130276,0.7575757575757577,0.004760042039183158,0.27545691906005226,0.022000000000000002,0.7676767676767677,0.15010423905489925,0.7575757575757577,0.005940594059405941,0.463768115942029,0.4596491228070175,0.569620253164557,0.43961352657004826
1715,0.0332409972299169,0.024444444444444446,0.03023516237402016,0.038491426663672404,0.5858585858585859,0.010250585579429079,0.26501305483028725,0.023200000000000002,0.8787878787878789,0.15427380125086868,0.8484848484848485,0.007920792079207921,0.4673913043478261,0.4596491228070175,0.5622362869198313,0.43961352657004826
1716,0.03601108033240997,0.026111111111111113,0.017917133258678615,0.21272091571277674,0.04040404040404041,0.009642619814028457,0.0195822454308094,0.0244,0.09090909090909091,0.12995135510771372,0.8484848484848485,0.007920792079207921,0.4673913043478261,0.4631578947368421,0.5548523206751055,0.43961352657004826
1717,0.038781163434903045,0.02722222222222222,0.016237402015677492,0.17511835465076475,0.9292929292929294,0.0008954534529156436,0.2454308093994778,0.026000000000000002,0.09090909090909091,0.13342599027102153,0.09090909090909091,0.007920792079207921,0.47101449275362317,0.4631578947368421,0.5432489451476793,0.42512077294685996
1718,0.29085872576177285,0.028888888888888888,0.015117581187010082,0.11070747923977482,0.9191919191919192,0.001550548347417088,0.23629242819843344,0.027600000000000003,0.09090909090909091,0.17373175816539266,0.09090909090909091,0.009900990099009901,0.47101449275362317,0.4666666666666666,0.5316455696202531,0.4106280193236715
1719,0.40858725761772857,0.03277777777777778,0.016237402015677492,0.0954623346769184,0.8585858585858587,0.0015693999990574175,0.22584856396866843,0.038400000000000004,0.8585858585858587,0.12995135510771372,0.8585858585858587,0.009900990099009901,0.4746376811594203,0.4666666666666666,0.520042194092827,0.3961352657004831
1720,0.2991689750692521,0.03222222222222222,0.013997760358342666,5.3144979584900596e-11,0.8585858585858587,0.00512764924616958,0.21671018276762405,0.031200000000000002,0.8484848484848485,0.11674774148714386,0.8686868686868687,0.009900990099009901,0.4746376811594203,0.4701754385964912,0.510548523206751,0.3913043478260869
1721,0.029085872576177285,0.03388888888888889,0.015117581187010082,0.46404339253254456,0.7575757575757577,0.0035818138116625745,0.20887728459530028,0.0332,0.8282828282828284,0.12369701181375957,0.8282828282828284,0.009900990099009901,0.4746376811594203,0.4701754385964912,0.5,0.3864734299516908
1722,0.30886426592797783,0.035555555555555556,0.015117581187010082,0.2798461194951449,0.6262626262626263,0.0014798546537658532,0.20104438642297648,0.034800000000000005,0.8686868686868687,0.12717164697706743,0.7373737373737375,0.007920792079207921,0.4746376811594203,0.47368421052631576,0.49050632911392406,0.3816425120772947
1723,0.314404432132964,0.03666666666666667,0.024076147816349387,0.04161383234222336,0.393939393939394,0.006263461257499423,0.1919060052219321,0.036000000000000004,0.9292929292929294,0.1369006254343294,0.8282828282828284,0.007920792079207921,0.4782608695652174,0.47368421052631576,0.479957805907173,0.37681159420289856
1724,0.3185595567867036,0.03833333333333333,0.02183650615901456,0.3830533599776737,0.08080808080808081,0.003911717715368338,0.185378590078329,0.037200000000000004,0.8686868686868687,0.1369006254343294,0.787878787878788,0.007920792079207921,0.4782608695652174,0.47368421052631576,0.4694092827004219,0.3719806763285024
1725,0.32409972299168976,0.03944444444444444,0.022396416573348264,0.34275370428331514,0.0,0.0034687039018205983,0.17754569190600522,0.038400000000000004,0.8484848484848485,0.17373175816539266,0.797979797979798,0.005940594059405941,0.4782608695652174,0.4771929824561403,0.4588607594936709,0.36714975845410625
1726,0.3296398891966759,0.04,0.020716685330347148,0.0001920332923981523,0.0,0.011871827620497401,0.17101827676240208,0.0392,0.7777777777777778,0.12508686587908271,0.7373737373737375,0.005940594059405941,0.4782608695652174,0.4771929824561403,0.45042194092827004,0.36714975845410625
1727,0.33518005540166207,0.04055555555555555,0.019036954087346025,0.25155885038226244,0.0,0.003982411409019573,0.16449086161879894,0.04,0.888888888888889,0.12786657400972898,0.8282828282828284,0.005940594059405941,0.4782608695652174,0.4771929824561403,0.43987341772151894,0.36231884057971014
1728,0.34210526315789475,0.0011111111111111111,0.0,0.0,0.9292929292929294,0.000999137536937455,0.4530026109660575,0.0012000000000000001,0.9292929292929294,0.6205698401667825,0.9292929292929294,0.039603960396039604,0.2934782608695652,0.2807017543859649,0.6719409282700421,0.5652173913043478
1729,0.33379501385041555,0.0011111111111111111,0.0,0.7526402751941881,0.888888888888889,0.0022480594581092738,0.4425587467362924,0.0012000000000000001,0.888888888888889,0.6205698401667825,0.888888888888889,0.041584158415841586,0.3079710144927536,0.29473684210526313,0.6666666666666666,0.5652173913043478
1730,0.31994459833795014,0.0016666666666666666,0.0,0.7619123593420156,0.8989898989898991,0.0048448744715646405,0.43211488250652746,0.0012000000000000001,0.8989898989898991,0.5927727588603197,0.8989898989898991,0.047524752475247525,0.322463768115942,0.30877192982456136,0.6592827004219409,0.5603864734299516
1731,0.31994459833795014,0.0016666666666666666,0.0,0.7981905965112289,0.8484848484848485,0.0004053105102670808,0.4216710182767624,0.0016,0.8484848484848485,0.5726198749131342,0.8484848484848485,0.0712871287128713,0.34057971014492755,0.32631578947368417,0.6529535864978903,0.5555555555555556
1732,0.3698060941828255,0.0016666666666666666,0.4384098544232923,0.7909286797317427,0.8282828282828284,0.00037232011989650444,0.4112271540469974,0.0016,0.8585858585858587,0.610145934676859,0.8282828282828284,0.09108910891089109,0.35507246376811596,0.343859649122807,0.6455696202531646,0.5555555555555556
1733,0.41274238227146814,0.0016666666666666666,0.4238521836506159,0.7207428824730169,0.8383838383838385,0.014789120711838367,0.402088772845953,0.0016,0.8383838383838385,0.5482974287699791,0.8383838383838385,0.1207920792079208,0.04710144927536231,0.045614035087719294,0.6371308016877637,0.5507246376811594
1734,0.04847645429362881,0.0016666666666666666,0.4468085106382979,0.5766263528820569,0.0,0.019209833021495596,0.391644908616188,0.0016,0.8383838383838385,0.590687977762335,0.8383838383838385,0.17029702970297028,0.06521739130434782,0.06315789473684211,0.630801687763713,0.5507246376811594
1735,0.43767313019390586,0.0016666666666666666,0.35106382978723405,0.5964876756395507,0.0,0.0,0.02872062663185379,0.0016,0.8383838383838385,0.496872828353023,0.8383838383838385,0.22970297029702968,0.41304347826086957,0.3964912280701754,0.6213080168776371,0.5458937198067633
1736,0.4916897506925208,0.0016666666666666666,0.28611422172452405,0.6221305664122537,0.0,9.897117111172903e-05,0.370757180156658,0.0016,0.8181818181818182,0.4857539958304378,0.8686868686868687,0.299009900990099,0.4311594202898551,0.4175438596491228,0.609704641350211,0.5458937198067633
1737,0.5955678670360111,0.0016666666666666666,0.2760358342665174,0.45991619134536876,0.0,1.4138738730247004e-05,0.3616187989556136,0.0016,0.7474747474747475,0.5003474635163309,0.8686868686868687,0.3782178217821782,0.4528985507246377,0.43859649122807015,0.6012658227848101,0.5507246376811594
1738,0.6592797783933518,0.0016666666666666666,0.2732362821948488,0.4584766280851306,0.0,1.885165164032934e-05,0.35117493472584854,0.0016,0.8686868686868687,0.5086865879082697,0.8686868686868687,0.4356435643564357,0.47101449275362317,0.45614035087719296,0.5959915611814346,0.5603864734299516
1739,0.6675900277008311,0.0016666666666666666,0.26819708846584545,0.3688935721652085,0.0,1.885165164032934e-05,0.34203655352480417,0.0016,0.8181818181818182,0.4496177901320361,0.8181818181818182,0.47326732673267324,0.49275362318840576,0.4771929824561403,0.589662447257384,0.5652173913043478
1740,0.6509695290858726,0.0016666666666666666,0.2950727883538634,0.29514420071381137,0.0,0.0012347831824415718,0.3328981723237598,0.0016,0.8282828282828284,0.453092425295344,0.797979797979798,0.4871287128712871,0.5108695652173912,0.4982456140350877,0.5843881856540085,0.5652173913043478
1741,0.6246537396121884,0.0016666666666666666,0.2844344904815229,0.20406904303487783,0.0,0.0060231026990852235,0.3237597911227154,0.0016,0.787878787878788,0.42876997915218906,0.7777777777777778,0.4851485148514852,0.5289855072463768,0.5157894736842105,0.5864978902953587,0.5700483091787439
1742,0.5886426592797784,0.0016666666666666666,0.2844344904815229,0.20614806783140985,0.0,0.001960571770594251,0.31462140992167104,0.0016,0.797979797979798,0.4294649061848506,0.787878787878788,0.47128712871287126,0.5471014492753623,0.5368421052631579,0.5864978902953587,0.5652173913043478
1743,0.055401662049861494,0.0016666666666666666,0.3202687569988802,0.3586897592831893,0.0,0.002210356154828615,0.3067885117493473,0.0016,0.08080808080808081,0.42460041695621964,0.797979797979798,0.4495049504950495,0.5652173913043478,0.5543859649122806,0.589662447257384,0.5555555555555556
1744,0.22714681440443216,0.009444444444444445,0.0,0.0,0.9191919191919192,0.007535947743221654,0.23629242819843344,0.008400000000000001,0.09090909090909091,0.4030576789437109,0.9191919191919192,0.0,0.5652173913043478,0.5614035087719298,0.5854430379746836,0.5893719806763285
1745,0.21745152354570638,0.01,0.0,0.853757506754234,0.9292929292929294,0.006027815611995307,0.22845953002610966,0.0088,0.9292929292929294,0.4030576789437109,0.9292929292929294,0.0,0.572463768115942,0.5684210526315789,0.5812236286919832,0.5990338164251208
1746,0.22299168975069253,0.010555555555555556,0.014557670772676374,0.8028754135733893,0.9292929292929294,0.008770730925663226,0.22193211488250653,0.009600000000000001,0.9292929292929294,0.3954134815844337,0.9292929292929294,0.0,0.5797101449275363,0.5754385964912281,0.5748945147679325,0.5942028985507246
1747,0.22991689750692523,0.011111111111111112,0.013997760358342666,0.8072108930603948,0.09090909090909091,0.01584481320369681,0.21409921671018275,0.01,0.09090909090909091,0.40931202223766505,0.09090909090909091,0.0019801980198019802,0.5869565217391305,0.5824561403508771,0.5675105485232068,0.5942028985507246
1748,0.2368421052631579,0.012222222222222223,0.014557670772676374,0.11230823329627516,0.9292929292929294,0.011117761554884227,0.20757180156657962,0.0108,0.9292929292929294,0.46768589298123703,0.9292929292929294,0.0019801980198019802,0.5942028985507246,0.5894736842105263,0.5580168776371308,0.5797101449275363
1749,0.24515235457063714,0.012777777777777779,0.012877939529675253,0.8476290056317113,0.8282828282828284,0.0008954534529156436,0.20104438642297648,0.012,0.8383838383838385,0.44683808200138986,0.8282828282828284,0.0019801980198019802,0.6014492753623188,0.6,0.5432489451476793,0.536231884057971
1750,0.25207756232686984,0.013888888888888888,0.01175811870100784,0.06203807783205187,0.8989898989898991,0.0008907405400055613,0.19451697127937337,0.0128,0.9393939393939394,0.44544822793606675,0.8989898989898991,0.0019801980198019802,0.608695652173913,0.607017543859649,0.5295358649789029,0.5072463768115942
1751,0.26038781163434904,0.015,0.011198208286674132,0.703872845420536,0.8282828282828284,0.009845275069161998,0.18798955613577026,0.014,0.8282828282828284,0.44753300903405147,0.8282828282828284,0.0019801980198019802,0.6123188405797102,0.6140350877192983,0.5189873417721519,0.48792270531400966
1752,0.2673130193905817,0.01611111111111111,0.010638297872340427,0.5231539565957198,0.8282828282828284,0.006668771767766504,0.18146214099216712,0.0152,0.8282828282828284,0.4058373870743572,0.8282828282828284,0.0019801980198019802,0.6195652173913043,0.6210526315789473,0.5126582278481012,0.4830917874396135
1753,0.027700831024930747,0.017222222222222222,0.010638297872340427,0.4595573519904236,0.696969696969697,0.013375246838813666,0.17493472584856398,0.0164,0.9191919191919192,0.39610840861709523,0.8989898989898991,0.0019801980198019802,0.6268115942028986,0.6280701754385964,0.5021097046413502,0.46376811594202894
1754,0.037396121883656507,0.018333333333333333,0.010638297872340427,0.4266793573848276,0.4141414141414142,0.02367296154734357,0.16840731070496084,0.0176,0.787878787878788,0.39749826268241834,0.7575757575757577,0.0019801980198019802,0.6340579710144928,0.6350877192982456,0.4947257383966244,0.45410628019323673
1755,0.30055401662049863,0.019444444444444445,0.011198208286674132,0.3198465407943708,0.27272727272727276,0.05690371047633411,0.1618798955613577,0.0188,0.08080808080808081,0.4044475330090341,0.08080808080808081,0.0019801980198019802,0.641304347826087,0.6421052631578946,0.48839662447257387,0.44927536231884063
1756,0.029085872576177285,0.021111111111111112,0.010638297872340427,0.027955785700579747,0.020202020202020204,0.06288910987213868,0.15535248041775457,0.02,0.7676767676767677,0.3808200138985407,0.787878787878788,0.0,0.6485507246376812,0.6491228070175439,0.4820675105485232,0.4444444444444444
1757,0.3282548476454294,0.022222222222222223,0.01007838745800672,0.23222267211563413,0.0,0.031807449230145675,0.14882506527415143,0.0216,0.7272727272727273,0.3891591382904795,0.7272727272727273,0.0,0.6557971014492754,0.6561403508771929,0.47151898734177217,0.4154589371980676
1758,0.030470914127423823,0.02388888888888889,0.004479283314669653,0.21964384329394884,0.0,0.05113039216148325,0.14229765013054832,0.023200000000000002,0.7373737373737375,0.37248088950660185,0.7272727272727273,0.0,0.6594202898550725,0.6631578947368421,0.4704641350210971,0.43478260869565216
1759,0.3282548476454294,0.025555555555555557,0.003919372900335946,0.01794194450891308,0.0,0.0442872426160437,0.13577023498694518,0.024800000000000003,0.7474747474747475,0.37734537873523283,0.7474747474747475,0.0,0.6666666666666666,0.6701754385964912,0.4630801687763713,0.42995169082125606
1760,0.07756232686980609,0.0005555555555555556,0.0,0.0,0.9494949494949496,3.2990390370576346e-05,0.797650130548303,0.0004,0.9595959595959597,0.1320361362056984,0.9595959595959597,0.0,0.03260869565217391,0.028070175438596492,0.9736286919831224,0.8743961352657006
1761,0.07894736842105263,0.0005555555555555556,0.0,0.14941692758175246,0.9292929292929294,0.0006598078074115268,0.7911227154046999,0.0004,0.9696969696969697,0.1320361362056984,0.9696969696969697,0.0,0.03260869565217391,0.028070175438596492,0.9736286919831224,0.8743961352657006
1762,0.006925207756232688,0.0005555555555555556,0.4854423292273236,0.1477468508292789,0.5151515151515152,0.012404386779336704,0.7832898172323761,0.0004,0.9797979797979799,0.7922168172341905,0.9797979797979799,0.0,0.03260869565217391,0.028070175438596492,0.9725738396624473,0.8743961352657006
1763,0.08448753462603878,0.0005555555555555556,0.5061590145576709,0.11645785498164722,0.020202020202020204,4.712912910082335e-05,0.07180156657963448,0.0004,0.9797979797979799,0.7713690062543433,0.9797979797979799,0.0,0.03260869565217391,0.028070175438596492,0.9715189873417722,0.8743961352657006
1764,0.08587257617728532,0.0005555555555555556,0.5011198208286676,0.1049101466098759,0.020202020202020204,0.00024035855841419908,0.7689295039164492,0.0004,0.9797979797979799,0.1063238359972203,0.9797979797979799,0.0,0.03260869565217391,0.028070175438596492,0.9609704641350211,0.8309178743961352
1765,0.08725761772853186,0.0005555555555555556,0.5218365061590147,0.10373332392284419,0.0,7.069369365123502e-05,0.7610966057441254,0.0004,0.9797979797979799,0.10284920083391244,0.9797979797979799,0.0,0.03260869565217391,0.028070175438596492,0.9556962025316456,0.821256038647343
1766,0.0886426592797784,0.0005555555555555556,0.5162374020156776,0.09701868826398165,0.0,7.069369365123502e-05,0.751958224543081,0.0004,0.9797979797979799,0.0896455872133426,0.9797979797979799,0.0,0.03260869565217391,0.028070175438596492,0.9556962025316456,0.8164251207729468
1767,0.09279778393351801,0.0005555555555555556,0.538073908174692,0.10891378439332833,0.0,0.0005137075071989745,0.7428198433420367,0.0004,0.9797979797979799,0.6650451702571231,0.9797979797979799,0.0,0.03260869565217391,0.028070175438596492,0.9546413502109705,0.8115942028985508
1768,0.09279778393351801,0.0005555555555555556,0.5330347144456887,0.9705749163711787,0.0,4.712912910082335e-05,0.7349869451697129,0.0004,0.9797979797979799,0.65045170257123,0.9797979797979799,0.0,0.03260869565217391,0.031578947368421054,0.9483122362869199,0.8019323671497585
1769,0.09695290858725762,0.0005555555555555556,0.5475923852183651,0.8357802396561574,0.0,4.712912910082335e-06,0.7245430809399479,0.0004,0.9696969696969697,0.65045170257123,0.9696969696969697,0.0,0.03260869565217391,0.031578947368421054,0.9419831223628692,0.7971014492753623
1770,0.09833795013850416,0.0005555555555555556,0.541993281075028,0.6588380248803513,0.0,1.885165164032934e-05,0.7154046997389034,0.0004,0.9696969696969697,0.6671299513551078,0.9696969696969697,0.0,0.03260869565217391,0.031578947368421054,0.9367088607594937,0.7922705314009661
1771,0.10526315789473684,0.0005555555555555556,0.5347144456886899,0.5178676529633687,0.0,5.184204201090568e-05,0.7049608355091385,0.0004,0.98989898989899,0.592077831827658,0.98989898989899,0.0,0.03260869565217391,0.031578947368421054,0.9335443037974683,0.7971014492753623
1772,0.009695290858725761,0.0005555555555555556,0.5347144456886899,0.0044800042811126714,0.0,1.885165164032934e-05,0.6945169712793735,0.0004,0.98989898989899,0.5879082696316887,0.98989898989899,0.0,0.036231884057971016,0.031578947368421054,0.929324894514768,0.7971014492753623
1773,0.11080332409972299,0.0005555555555555556,0.5414333706606943,0.34609082267974106,0.0,1.4138738730247004e-05,0.6840731070496084,0.0004,0.9797979797979799,0.5795691452397499,0.9797979797979799,0.0,0.036231884057971016,0.031578947368421054,0.930379746835443,0.8164251207729468
1774,0.11218836565096953,0.0005555555555555556,0.5565509518477044,0.3059564460280489,0.0,0.0,0.6736292428198435,0.0004,0.9797979797979799,0.5413481584433635,0.9797979797979799,0.0,0.036231884057971016,0.03508771929824562,0.9261603375527426,0.8067632850241545
1775,0.1149584487534626,0.0005555555555555556,0.5627099664053752,0.29495073966533714,0.0,0.004802458255373899,0.6631853785900784,0.0004,0.9797979797979799,0.5156358582348853,0.9797979797979799,0.0,0.036231884057971016,0.03508771929824562,0.9208860759493671,0.7971014492753623
1776,0.09002770083102493,0.0,0.486562150055991,0.0,0.9292929292929294,4.712912910082335e-05,0.8681462140992168,0.0,0.9292929292929294,0.7852675469075748,0.9292929292929294,0.0,0.010869565217391306,0.007017543859649122,0.9630801687763714,0.9275362318840579
1777,0.09141274238227147,0.0,0.5072788353863382,0.10419979358880124,0.9393939393939394,0.0013196156148230537,0.8603133159268931,0.0,0.9393939393939394,0.7852675469075748,0.9393939393939394,0.0,0.010869565217391306,0.007017543859649122,0.959915611814346,0.9275362318840579
1778,0.09418282548476455,0.0,0.513437849944009,0.010035637059100306,0.9393939393939394,3.770330328065868e-05,0.85378590078329,0.0,0.9292929292929294,0.7762334954829744,0.9292929292929294,0.0,0.007246376811594202,0.007017543859649122,0.9578059071729959,0.9323671497584541
1779,0.008310249307479223,0.0,0.5145576707726764,0.9260936034265158,0.9393939393939394,0.00032047807788559876,0.8472584856396869,0.0,0.9393939393939394,0.8012508686587908,0.9393939393939394,0.0,0.007246376811594202,0.007017543859649122,0.9535864978902954,0.9420289855072463
1780,0.09833795013850416,0.0,0.5296752519596866,0.8356195116235455,0.9595959595959597,0.002813609007319154,0.839425587467363,0.0,0.9595959595959597,0.7810979847116053,0.9595959595959597,0.0,0.007246376811594202,0.007017543859649122,0.95042194092827,0.9516908212560387
1781,0.09695290858725762,0.0,0.538073908174692,0.6675164030975612,0.09090909090909091,0.0002026552551335404,0.8328981723237598,0.0,0.9393939393939394,0.778318276580959,0.9393939393939394,0.0,0.007246376811594202,0.007017543859649122,0.9483122362869199,0.9806763285024155
1782,0.0997229916897507,0.0,0.5167973124300113,0.636821396247663,0.9393939393939394,0.0009331567561963023,0.8263707571801567,0.0,0.9292929292929294,0.7790132036136207,0.9292929292929294,0.0,0.007246376811594202,0.007017543859649122,0.9440928270042194,0.9323671497584541
1783,0.10249307479224376,0.0,0.5307950727883539,0.6772464854317517,0.09090909090909091,0.0,0.8198433420365536,0.0,0.8989898989898991,0.118137595552467,0.8989898989898991,0.0,0.007246376811594202,0.007017543859649122,0.9430379746835443,0.9420289855072463
1784,0.1038781163434903,0.0,0.5139977603583427,0.6073128407740124,0.888888888888889,0.00011782282275205837,0.8120104438642299,0.0,0.888888888888889,0.5802640722724114,0.888888888888889,0.0,0.007246376811594202,0.007017543859649122,0.939873417721519,0.9275362318840579
1785,0.1038781163434903,0.0,0.5223964165733483,0.4970430186538718,0.8787878787878789,9.42582582016467e-05,0.8041775456919061,0.0,0.8989898989898991,0.6011118832522586,0.8989898989898991,0.0,0.007246376811594202,0.007017543859649122,0.9367088607594937,0.9227053140096619
1786,0.10664819944598337,0.0,0.5207166853303472,0.049186752938684325,0.8787878787878789,9.42582582016467e-05,0.797650130548303,0.0,0.8989898989898991,0.5733148019457958,0.8989898989898991,0.0,0.007246376811594202,0.007017543859649122,0.9345991561181435,0.9130434782608695
1787,0.10803324099722991,0.0,0.511758118701008,0.4431087027099794,0.888888888888889,0.00015552612603271705,0.7898172323759792,0.0,0.8787878787878789,0.5482974287699791,0.8989898989898991,0.0,0.007246376811594202,0.007017543859649122,0.9324894514767933,0.8888888888888888
1788,0.11218836565096953,0.0,0.4983202687569989,0.3667845582808307,0.8989898989898991,0.0003110522520654341,0.07702349869451698,0.0,0.8686868686868687,0.535788742182071,0.09090909090909091,0.0,0.007246376811594202,0.007017543859649122,0.929324894514768,0.8792270531400965
1789,0.11357340720221606,0.0,0.5106382978723405,0.2897037809597913,0.8989898989898991,9.897117111172903e-05,0.06919060052219322,0.0,0.8484848484848485,0.5482974287699791,0.09090909090909091,0.0,0.007246376811594202,0.007017543859649122,0.9208860759493671,0.8454106280193237
1790,0.11357340720221606,0.0,0.48936170212765956,0.022096322743519373,0.09090909090909091,0.0003063393391553518,0.7650130548302874,0.0,0.8282828282828284,0.5267546907574705,0.09090909090909091,0.0,0.007246376811594202,0.007017543859649122,0.9156118143459916,0.8405797101449275
1791,0.11911357340720222,0.0,0.4983202687569989,0.2146563331291136,0.09090909090909091,0.0003063393391553518,0.7558746736292429,0.0,0.8282828282828284,0.5191104933981932,0.09090909090909091,0.0,0.007246376811594202,0.007017543859649122,0.9113924050632911,0.8309178743961352
1792,0.1994459833795014,0.0011111111111111111,0.19820828667413215,0.0,0.98989898989899,0.0,0.6919060052219322,0.0008,1.0,0.6532314107018764,0.98989898989899,0.0,0.06159420289855072,0.056140350877192984,0.6772151898734178,0.5652173913043478
1793,0.20360110803324102,0.0011111111111111111,0.19820828667413215,0.4739058495107239,0.98989898989899,0.0,0.6814621409921673,0.0012000000000000001,1.0,0.6532314107018764,0.98989898989899,0.0,0.06159420289855072,0.056140350877192984,0.6708860759493671,0.5603864734299516
1794,0.21606648199445985,0.0011111111111111111,0.1998880179171333,0.36708995043747117,0.98989898989899,0.0,0.6710182767624022,0.0012000000000000001,1.0,0.585823488533704,0.98989898989899,0.0,0.06159420289855072,0.056140350877192984,0.6645569620253164,0.5555555555555556
1795,0.21606648199445985,0.0011111111111111111,0.2026875699888018,0.33537085193654853,0.98989898989899,0.0,0.6618798955613578,0.0012000000000000001,1.0,0.5837387074357193,0.98989898989899,0.0,0.06159420289855072,0.056140350877192984,0.6592827004219409,0.5555555555555556
1796,0.20221606648199447,0.0016666666666666666,0.18924972004479285,0.32214486117139524,0.98989898989899,0.0,0.06396866840731072,0.0012000000000000001,1.0,0.4440583738707436,0.98989898989899,0.0,0.06159420289855072,0.05964912280701755,0.6540084388185654,0.5555555555555556
1797,0.21191135734072022,0.0016666666666666666,0.18868980963045914,0.30320488832100334,0.98989898989899,0.0,0.05483028720626632,0.0012000000000000001,1.0,0.45726198749131347,0.98989898989899,0.0,0.06521739130434782,0.05964912280701755,0.6476793248945147,0.5507246376811594
1798,0.22437673130193908,0.0016666666666666666,0.1875699888017917,0.029323699925931642,0.98989898989899,0.0,0.6318537859007833,0.0012000000000000001,1.0,0.47394023627519116,0.98989898989899,0.0019801980198019802,0.06521739130434782,0.05964912280701755,0.6466244725738397,0.5458937198067633
1799,0.2326869806094183,0.0016666666666666666,0.20324748040313553,0.027551909425930315,0.9797979797979799,0.0,0.6214099216710184,0.0012000000000000001,0.9797979797979799,0.48505906879777627,0.9797979797979799,0.0019801980198019802,0.06521739130434782,0.05964912280701755,0.640295358649789,0.536231884057971
1800,0.23822714681440443,0.0016666666666666666,0.21388577827547595,0.2534189719457519,0.9393939393939394,0.0,0.612271540469974,0.0016,0.9393939393939394,0.4801945795691453,0.9393939393939394,0.0019801980198019802,0.06884057971014493,0.06315789473684211,0.6339662447257384,0.5314009661835749
1801,0.0221606648199446,0.0016666666666666666,0.20604703247480405,0.214466264078097,0.888888888888889,0.0,0.6018276762402089,0.0016,0.888888888888889,0.43988881167477417,0.888888888888889,0.0039603960396039604,0.06884057971014493,0.06315789473684211,0.629746835443038,0.5314009661835749
1802,0.2673130193905817,0.0016666666666666666,0.20660694288913775,0.21893289989864154,0.8686868686868687,0.0,0.5926892950391646,0.0016,0.8787878787878789,0.42460041695621964,0.8686868686868687,0.0039603960396039604,0.06884057971014493,0.06315789473684211,0.6244725738396624,0.5314009661835749
1803,0.2673130193905817,0.0022222222222222222,0.21276595744680854,0.36877066103786843,0.797979797979798,0.0,0.5835509138381202,0.0016,0.08080808080808081,0.42599027102154274,0.797979797979798,0.0039603960396039604,0.07246376811594203,0.06666666666666667,0.6191983122362869,0.5314009661835749
1804,0.27285318559556787,0.0022222222222222222,0.2105263157894737,0.25466393597929976,0.8686868686868687,0.0,0.5731070496083551,0.002,0.8686868686868687,0.4252953439888812,0.8686868686868687,0.0039603960396039604,0.07246376811594203,0.06666666666666667,0.6149789029535865,0.5314009661835749
1805,0.27146814404432135,0.0022222222222222222,0.19540873460246364,0.2095802375811132,0.8585858585858587,0.0,0.5639686684073109,0.002,0.8585858585858587,0.3968033356497568,0.8585858585858587,0.005940594059405941,0.07608695652173914,0.07017543859649122,0.6086497890295358,0.5169082125603864
1806,0.2659279778393352,0.0022222222222222222,0.1959686450167973,0.223929071456465,0.8787878787878789,0.0,0.5548302872062664,0.002,0.8989898989898991,0.3655316191799861,0.8787878787878789,0.005940594059405941,0.07608695652173914,0.07017543859649122,0.6012658227848101,0.5024154589371981
1807,0.26454293628808867,0.0022222222222222222,0.2015677491601344,0.1528040380748914,0.8383838383838385,0.0,0.545691906005222,0.002,0.8585858585858587,0.3745656706045865,0.8383838383838385,0.005940594059405941,0.07608695652173914,0.07017543859649122,0.5928270042194094,0.48792270531400966
1808,0.029085872576177285,0.02722222222222222,0.0,0.0,0.6565656565656566,0.0362564390172634,0.2389033942558747,0.034800000000000005,0.6565656565656566,0.4044475330090341,0.6565656565656566,0.005940594059405941,0.3442028985507246,0.32631578947368417,0.370253164556962,0.2608695652173913
1809,0.3074792243767313,0.02722222222222222,0.0,0.33095012216994923,0.686868686868687,0.0053821465433140266,0.23368146214099217,0.0352,0.6767676767676768,0.4044475330090341,0.686868686868687,0.007920792079207921,0.35144927536231885,0.3333333333333333,0.3639240506329114,0.25603864734299514
1810,0.31301939058171746,0.02722222222222222,0.0,0.31554503456987654,0.6767676767676768,0.005768605401940778,0.22845953002610966,0.0356,0.5656565656565657,0.41000694927032666,0.6767676767676768,0.009900990099009901,0.03260869565217391,0.343859649122807,0.359704641350211,0.25603864734299514
1811,0.31994459833795014,0.02722222222222222,0.0,0.29804362833506476,0.7171717171717172,0.001281912311542395,0.2232375979112272,0.036000000000000004,0.7171717171717172,0.42460041695621964,0.7171717171717172,0.01188118811881188,0.043478260869565216,0.03508771929824562,0.3491561181434599,0.24637681159420288
1812,0.33240997229916897,0.027777777777777776,0.007838745800671893,0.32278199777109007,0.7575757575757577,0.00363365585367348,0.21801566579634465,0.037200000000000004,0.04040404040404041,0.462821403752606,0.7575757575757577,0.01188118811881188,0.050724637681159424,0.042105263157894736,0.3407172995780591,0.23188405797101447
1813,0.3476454293628809,0.027777777777777776,0.006159014557670773,0.5893485937616173,0.07070707070707072,0.0017532036025506286,0.21279373368146215,0.038,0.7575757575757577,0.4419735927727589,0.07070707070707072,0.015841584158415842,0.057971014492753624,0.052631578947368425,0.3291139240506329,0.21739130434782608
1814,0.36288088642659283,0.028333333333333332,0.005599104143337067,0.5674769542893312,0.7171717171717172,0.00377504324097595,0.20757180156657962,0.0396,0.7171717171717172,0.48505906879777627,0.7171717171717172,0.019801980198019806,0.39492753623188404,0.05964912280701755,0.32383966244725737,0.2028985507246377
1815,0.37534626038781166,0.028888888888888888,0.006159014557670773,0.4044509896412962,0.0,0.006206906302578435,0.20234986945169714,0.0408,0.686868686868687,0.4697706740792217,0.6767676767676768,0.023762376237623763,0.4021739130434782,0.38245614035087716,0.3143459915611814,0.1932367149758454
1816,0.3808864265927978,0.029444444444444443,0.00503919372900336,0.35868487492304213,0.0,0.0013290414406432185,0.19712793733681463,0.0424,0.5757575757575758,0.48227936066713,0.5757575757575758,0.025742574257425738,0.40942028985507245,0.3929824561403509,0.3090717299578059,0.18357487922705312
1817,0.38227146814404434,0.03,0.005599104143337067,0.43493703756820357,0.0,0.00027806186169485774,0.1919060052219321,0.044000000000000004,0.5252525252525253,0.5135510771369006,0.5151515151515152,0.02772277227722772,0.41666666666666663,0.39999999999999997,0.30168776371308015,0.17874396135265702
1818,0.38365650969529086,0.030555555555555555,0.005599104143337067,0.3757916737786904,0.0,0.010288288882709737,0.18798955613577026,0.0456,0.4646464646464647,0.496872828353023,0.4545454545454546,0.0297029702970297,0.427536231884058,0.4105263157894737,0.29324894514767935,0.16908212560386474
1819,0.3850415512465374,0.03111111111111111,0.005599104143337067,0.20895666246050468,0.0,0.2971821493710618,0.18276762402088773,0.0472,0.4545454545454546,0.4593467685892982,0.43434343434343436,0.0297029702970297,0.43478260869565216,0.4175438596491228,0.2848101265822785,0.1497584541062802
1820,0.037396121883656507,0.03111111111111111,0.00503919372900336,0.20302268423871958,0.0,0.2553927505973617,0.17754569190600522,0.048400000000000006,0.4444444444444445,0.4329395413481585,0.4141414141414142,0.0297029702970297,0.4420289855072464,0.42456140350877186,0.2805907172995781,0.14492753623188406
1821,0.389196675900277,0.03166666666666667,0.00503919372900336,0.17616297507827558,0.0,0.14885264135204046,0.17362924281984335,0.049600000000000005,0.43434343434343436,0.4551772063933287,0.393939393939394,0.0297029702970297,0.4492753623188406,0.4350877192982456,0.27531645569620256,0.1400966183574879
1822,0.39058171745152354,0.03166666666666667,0.005599104143337067,0.18208344490857925,0.0,0.28846797340031954,0.16840731070496084,0.050800000000000005,0.42424242424242425,0.49339819318971506,0.36363636363636365,0.0297029702970297,0.45652173913043476,0.44210526315789467,0.2689873417721519,0.1400966183574879
1823,0.3919667590027701,0.03222222222222222,0.00503919372900336,0.13379917914981704,0.0,0.1004745903300453,0.16449086161879894,0.0512,0.4141414141414142,0.42390548992355803,0.3434343434343435,0.02772277227722772,0.46014492753623193,0.4491228070175438,0.2668776371308017,0.13526570048309178
1824,0.47506925207756234,0.2683333333333333,0.0,0.0,0.494949494949495,0.05854851708195285,0.3185378590078329,0.2988,0.494949494949495,0.2550382209867964,0.494949494949495,0.0712871287128713,0.35144927536231885,0.33684210526315783,0.5537974683544304,0.4830917874396135
1825,0.5,0.2722222222222222,0.0,0.26364617071905433,0.494949494949495,0.03230701799861441,0.3093994778067885,0.30360000000000004,0.494949494949495,0.2550382209867964,0.494949494949495,0.07524752475247524,0.036231884057971016,0.343859649122807,0.54957805907173,0.4830917874396135
1826,0.5069252077562327,0.27666666666666667,0.46416573348264284,0.19452429093172652,0.4646464646464647,0.24908687312367156,0.30156657963446476,0.30920000000000003,0.4646464646464647,0.2571230020847811,0.4646464646464647,0.07524752475247524,0.04710144927536231,0.03859649122807018,0.5421940928270043,0.4734299516908213
1827,0.5166204986149585,0.28055555555555556,0.4776035834266517,0.20505700967258234,0.42424242424242425,0.03038414953130081,0.293733681462141,0.31520000000000004,0.42424242424242425,0.2293259207783183,0.42424242424242425,0.08514851485148515,0.057971014492753624,0.052631578947368425,0.5348101265822784,0.4685990338164251
1828,0.518005540166205,0.285,0.48936170212765956,0.1878833629048371,0.4646464646464647,0.08880541796468143,0.28459530026109664,0.32080000000000003,0.48484848484848486,0.25642807505211956,0.48484848484848486,0.09108910891089109,0.39492753623188404,0.06315789473684211,0.5274261603375527,0.46376811594202894
1829,0.5166204986149585,0.28944444444444445,0.4977603583426652,0.13334312937871942,0.494949494949495,0.040017343519509106,0.27676240208877284,0.32680000000000003,0.5454545454545455,0.241139680333565,0.5454545454545455,0.09306930693069307,0.4057971014492754,0.38947368421052625,0.5189873417721519,0.45893719806763283
1830,0.5193905817174516,0.2927777777777778,0.5061590145576709,0.014591725994737058,0.6363636363636365,0.0059948252216247295,0.2689295039164491,0.33280000000000004,0.6666666666666667,0.2946490618485059,0.6363636363636365,0.09504950495049505,0.42028985507246375,0.40350877192982454,0.5137130801687764,0.44927536231884063
1831,0.5332409972299169,0.29777777777777775,0.5201567749160135,0.10576559676953766,0.4141414141414142,0.046940612584420054,0.26109660574412535,0.3392,0.06060606060606061,0.27797081306462823,0.5353535353535354,0.09702970297029703,0.4311594202898551,0.4140350877192982,0.5073839662447257,0.4444444444444444
1832,0.53601108033241,0.3011111111111111,0.5341545352743562,0.10464733291600606,0.42424242424242425,0.01231484143404514,0.018276762402088774,0.3452,0.5454545454545455,0.310632383599722,0.42424242424242425,0.100990099009901,0.4420289855072464,0.4280701754385965,0.5031645569620253,0.43961352657004826
1833,0.5470914127423823,0.305,0.540313549832027,0.10374914873687476,0.27272727272727276,0.0033178906886979637,0.24673629242819844,0.3516,0.4646464646464647,0.25434329395413485,0.04040404040404041,0.10297029702970296,0.4528985507246377,0.43859649122807015,0.4915611814345992,0.43478260869565216
1834,0.004155124653739612,0.3088888888888889,0.5431131019036955,0.6426858357169395,0.18181818181818182,0.5227892903767032,0.2389033942558747,0.3572,0.4545454545454546,0.2856150104239055,0.36363636363636365,0.10495049504950496,0.463768115942029,0.4491228070175438,0.48839662447257387,0.42995169082125606
1835,0.06371191135734072,0.31277777777777777,0.545912653975364,0.5732014757666228,0.0,0.14855572783870527,0.23237597911227156,0.3628,0.43434343434343436,0.30090340514246006,0.33333333333333337,0.10495049504950496,0.4746376811594203,0.4596491228070175,0.4694092827004219,0.4106280193236715
1836,0.055401662049861494,0.315,0.5453527435610303,0.302454193327804,0.0,0.6657366518524105,0.22584856396866843,0.3672,0.42424242424242425,0.3127171646977068,0.29292929292929293,0.10495049504950496,0.4855072463768116,0.47368421052631576,0.0,0.3913043478260869
1837,0.0664819944598338,0.31722222222222224,0.5375139977603584,0.0017166081383385063,0.0,0.19797533261382863,0.2193211488250653,0.37120000000000003,0.04040404040404041,0.16886726893676166,0.25252525252525254,0.10297029702970296,0.4963768115942029,0.4807017543859649,0.0,0.3719806763285024
1838,0.06509695290858726,0.3188888888888889,0.5358342665173573,0.0015857152395182482,0.0,0.792273650575211,0.21279373368146215,0.3744,0.36363636363636365,0.22585128561501044,0.27272727272727276,0.099009900990099,0.5072463768115942,0.49122807017543857,0.0,0.3864734299516908
1839,0.060941828254847646,0.32,0.5162374020156776,0.22518936698997896,0.0,1.0,0.20757180156657962,0.37720000000000004,0.31313131313131315,0.19735927727588604,0.29292929292929293,0.09504950495049505,0.5144927536231885,0.5017543859649123,0.0,0.36714975845410625
1840,0.08033240997229917,0.0,0.3337066069428891,0.0,0.0,6.598078074115269e-05,0.7859007832898174,0.0,0.9595959595959597,0.6754690757470466,0.9595959595959597,0.0,0.025362318840579712,0.021052631578947364,1.0,0.8550724637681159
1841,0.08310249307479224,0.0,0.33874580067189247,0.17793191016629004,0.0,1.4138738730247004e-05,0.07571801566579635,0.0,0.9393939393939394,0.6754690757470466,0.9393939393939394,0.0,0.025362318840579712,0.021052631578947364,0.9968354430379747,0.8550724637681159
1842,0.08448753462603878,0.0,0.3471444568868981,0.02351709609674508,0.0,3.770330328065868e-05,0.06919060052219322,0.0,0.9494949494949496,0.6525364836692148,0.9494949494949496,0.0,0.025362318840579712,0.021052631578947364,0.9936708860759493,0.8454106280193237
1843,0.08310249307479224,0.0,0.3471444568868981,0.020976524958701878,0.0,1.885165164032934e-05,0.7676240208877285,0.0,0.9595959595959597,0.6365531619179987,0.9595959595959597,0.0,0.021739130434782608,0.021052631578947364,0.9926160337552742,0.8502415458937199
1844,0.09141274238227147,0.0,0.3650615901455767,0.27781349867422606,0.0,0.00018380360349321107,0.762402088772846,0.0,0.9494949494949496,0.6351633078526755,0.9494949494949496,0.0,0.021739130434782608,0.021052631578947364,0.990506329113924,0.8502415458937199
1845,0.09002770083102493,0.0,0.3684210526315789,0.15293301381001753,0.0,1.4138738730247004e-05,0.7558746736292429,0.0,0.9393939393939394,0.6435024322446143,0.9393939393939394,0.0,0.021739130434782608,0.021052631578947364,0.9873417721518988,0.8405797101449275
1846,0.09141274238227147,0.0,0.3734602463605823,0.14261027738094367,0.0,9.42582582016467e-06,0.7506527415143605,0.0,0.9494949494949496,0.6594857539958305,0.9494949494949496,0.0,0.021739130434782608,0.021052631578947364,0.9873417721518988,0.8405797101449275
1847,0.09141274238227147,0.0,0.37737961926091823,0.17099523880519968,0.0,1.885165164032934e-05,0.7441253263707572,0.0,0.9494949494949496,0.5837387074357193,0.9494949494949496,0.0,0.021739130434782608,0.021052631578947364,0.9873417721518988,0.8502415458937199
1848,0.09141274238227147,0.0,0.36898096304591266,0.1485392402263793,0.0,0.0,0.7375979112271541,0.0,0.9393939393939394,0.5962473940236276,0.9393939393939394,0.0,0.021739130434782608,0.021052631578947364,0.9852320675105486,0.8502415458937199
1849,0.008310249307479223,0.0,0.36170212765957444,0.12850459845870402,0.0,0.0,0.731070496083551,0.0,0.9494949494949496,0.585823488533704,0.9494949494949496,0.0,0.025362318840579712,0.021052631578947364,0.9820675105485233,0.8454106280193237
1850,0.0997229916897507,0.0,0.3561030235162374,0.11812026798744356,0.0,0.0,0.7245430809399479,0.0,0.9191919191919192,0.6177901320361363,0.9191919191919192,0.0,0.025362318840579712,0.021052631578947364,0.9799578059071731,0.8502415458937199
1851,0.10526315789473684,0.0,0.3477043673012318,0.10114941737291663,0.0,3.2990390370576346e-05,0.7167101827676241,0.0,0.9292929292929294,0.6560111188325226,0.9292929292929294,0.0,0.025362318840579712,0.021052631578947364,0.9746835443037976,0.8454106280193237
1852,0.10664819944598337,0.0,0.33762597984322507,0.8821938536745839,0.0,3.770330328065868e-05,0.7088772845953003,0.0,0.9292929292929294,0.684503127171647,0.9292929292929294,0.0,0.025362318840579712,0.021052631578947364,0.9683544303797469,0.8260869565217391
1853,0.11080332409972299,0.0,0.32922732362821944,0.7509215051883464,0.0,2.3564564550411675e-05,0.699738903394256,0.0,0.9393939393939394,0.6685198054204309,0.9393939393939394,0.0,0.025362318840579712,0.021052631578947364,0.9662447257383967,0.8260869565217391
1854,0.11218836565096953,0.0,0.3068309070548712,0.6367334626400546,0.0,1.885165164032934e-05,0.6919060052219322,0.0,0.9191919191919192,0.6011118832522586,0.9191919191919192,0.0,0.025362318840579712,0.021052631578947364,0.9672995780590717,0.8454106280193237
1855,0.11634349030470914,0.0,0.3169092945128779,0.6201445502981938,0.0,0.0,0.6827676240208878,0.0,0.9191919191919192,0.5747046560111189,0.09090909090909091,0.0,0.025362318840579712,0.021052631578947364,0.9609704641350211,0.8260869565217391
1856,0.13573407202216067,0.0005555555555555556,0.02183650615901456,0.0,1.0,0.0,0.699738903394256,0.0004,1.0,0.24669909659485753,1.0,0.0,0.25362318840579706,0.23859649122807017,0.8386075949367089,0.6618357487922705
1857,0.013850415512465374,0.0005555555555555556,0.02183650615901456,0.1664660743001263,1.0,0.0,0.6853785900783291,0.0004,1.0,0.24669909659485753,1.0,0.0,0.25362318840579706,0.23859649122807017,0.839662447257384,0.6618357487922705
1858,0.015235457063711912,0.0005555555555555556,0.0251959686450168,0.11568024226895905,0.98989898989899,0.0,0.6762402088772846,0.0004,1.0,0.19179986101459345,0.98989898989899,0.0,0.25,0.2350877192982456,0.839662447257384,0.6618357487922705
1859,0.018005540166204984,0.0005555555555555556,0.027995520716685332,0.10575807075013732,0.98989898989899,6.126786783107035e-05,0.6697127937336815,0.0004,1.0,0.1751216122307158,0.98989898989899,0.0,0.25,0.2350877192982456,0.8407172995780591,0.6618357487922705
1860,0.019390581717451522,0.0005555555555555556,0.029675251959686455,0.0015853869978554648,1.0,2.3564564550411675e-05,0.6657963446475197,0.0004,1.0,0.17303683113273108,1.0,0.0,0.2463768115942029,0.2350877192982456,0.8407172995780591,0.6570048309178743
1861,0.02077562326869806,0.0005555555555555556,0.03079507278835387,0.12943967581878174,1.0,1.4138738730247004e-05,0.6631853785900784,0.0004,1.0,0.19041000694927035,1.0,0.0,0.2463768115942029,0.2350877192982456,0.8407172995780591,0.6521739130434783
1862,0.023545706371191136,0.0005555555555555556,0.03079507278835387,0.1042349542106872,0.98989898989899,8.954534529156437e-05,0.6592689295039166,0.0004,0.9696969696969697,0.19666435024322448,0.98989898989899,0.0,0.2463768115942029,0.2350877192982456,0.8248945147679325,0.5990338164251208
1863,0.02493074792243767,0.0005555555555555556,0.031354983202687564,0.12330009901923104,1.0,8.483243238148202e-05,0.654046997389034,0.0004,0.9797979797979799,0.14593467685892983,1.0,0.0,0.2463768115942029,0.2350877192982456,0.8069620253164557,0.5748792270531401
1864,0.1551246537396122,0.0005555555555555556,0.031354983202687564,0.88596581755089,1.0,0.00011310990984197603,0.06005221932114883,0.0004,0.9797979797979799,0.16886726893676166,1.0,0.0,0.25,0.2350877192982456,0.7943037974683544,0.5555555555555556
1865,0.15789473684210528,0.0005555555555555556,0.031914893617021274,0.0007864118329533215,1.0,6.126786783107035e-05,0.05352480417754569,0.0004,0.98989898989899,0.1605281445448228,0.98989898989899,0.0,0.25,0.2350877192982456,0.7890295358649789,0.5603864734299516
1866,0.16204986149584488,0.0005555555555555556,0.03471444568868981,0.8554231909581455,1.0,0.00011782282275205837,0.633159268929504,0.0004,1.0,0.17998610145934676,1.0,0.0,0.25,0.2350877192982456,0.7827004219409283,0.5555555555555556
1867,0.16759002770083103,0.0005555555555555556,0.0335946248600224,0.7058410239991825,1.0,8.483243238148202e-05,0.6253263707571802,0.0004,1.0,0.20708825573314804,1.0,0.0,0.25362318840579706,0.2350877192982456,0.7742616033755274,0.5555555555555556
1868,0.17451523545706374,0.0005555555555555556,0.03079507278835387,0.6576483783314455,1.0,4.712912910082335e-06,0.6148825065274153,0.0004,1.0,0.22029186935371786,1.0,0.0,0.25362318840579706,0.2350877192982456,0.7647679324894514,0.5410628019323671
1869,0.01662049861495845,0.0005555555555555556,0.029675251959686455,0.5868855701921919,1.0,2.3564564550411675e-05,0.6044386422976502,0.0004,1.0,0.22098679638637944,1.0,0.0,0.25362318840579706,0.2350877192982456,0.7552742616033755,0.5314009661835749
1870,0.1842105263157895,0.0005555555555555556,0.03023516237402016,0.5654757115483661,1.0,7.069369365123502e-05,0.5939947780678853,0.0004,1.0,0.2640722724113968,1.0,0.0,0.25362318840579706,0.23859649122807017,0.7436708860759493,0.5169082125603864
1871,0.18975069252077564,0.0005555555555555556,0.020716685330347148,0.6297048867185089,1.0,7.069369365123502e-05,0.5861618798955615,0.0004,1.0,0.2571230020847811,1.0,0.0,0.2572463768115942,0.23859649122807017,0.0,0.5024154589371981
1872,0.221606648199446,0.19555555555555557,0.0,0.0,0.7272727272727273,0.0018191843832917813,0.3185378590078329,0.17320000000000002,0.7272727272727273,0.18137595552466992,0.7272727272727273,0.0,0.6920289855072463,0.6842105263157895,0.5780590717299579,0.3913043478260869
1873,0.22299168975069253,0.19944444444444445,0.0,0.6239657744635875,0.7272727272727273,0.006456690686812799,0.3093994778067885,0.1768,0.7272727272727273,0.18137595552466992,0.7272727272727273,0.0,0.6992753623188406,0.6912280701754385,0.5717299578059072,0.37681159420289856
1874,0.22437673130193908,0.20277777777777778,0.00167973124300112,0.6028597176520568,0.7272727272727273,0.041233275050310346,0.2989556135770235,0.18000000000000002,0.7272727272727273,0.18763029881862406,0.7272727272727273,0.0,0.7065217391304348,0.06666666666666667,0.5675105485232068,0.3719806763285024
1875,0.22714681440443216,0.205,0.00167973124300112,0.5975761311034238,0.7272727272727273,0.03792009727452247,0.2898172323759791,0.1824,0.7272727272727273,0.19179986101459345,0.7272727272727273,0.0,0.713768115942029,0.0736842105263158,0.5580168776371308,0.36714975845410625
1876,0.22991689750692523,0.2061111111111111,0.00167973124300112,0.5797302962942663,0.7474747474747475,0.02067083602362112,0.28067885117493474,0.1836,0.7575757575757577,0.2154273801250869,0.7474747474747475,0.0,0.06884057971014493,0.08070175438596491,0.5537974683544304,0.36231884057971014
1877,0.2368421052631579,0.20666666666666667,0.00167973124300112,6.686184008087844e-11,0.8282828282828284,0.020364496684465768,0.27284595300261094,0.1844,0.8282828282828284,0.2223766504517026,0.8282828282828284,0.0,0.07608695652173914,0.0912280701754386,0.54957805907173,0.36231884057971014
1878,0.2409972299168975,0.2061111111111111,0.0011198208286674134,6.983680244920134e-11,0.787878787878788,0.004067243841401055,0.26501305483028725,0.184,0.07070707070707072,0.20430854760250175,0.7171717171717172,0.0,0.08695652173913043,0.09824561403508772,0.5421940928270043,0.3526570048309179
1879,0.24376731301939059,0.205,0.0011198208286674134,0.5456137299035796,0.6565656565656566,0.005320878675482956,0.020887728459530026,0.184,0.07070707070707072,0.226546212647672,0.6262626262626263,0.0,0.09420289855072464,0.7368421052631579,0.5411392405063291,0.3526570048309179
1880,0.24515235457063714,0.2038888888888889,0.0011198208286674134,0.391921198140758,0.7575757575757577,0.013200869061140619,0.014360313315926894,0.1836,0.7575757575757577,0.23280055594162616,0.7575757575757577,0.0,0.09782608695652173,0.743859649122807,0.5327004219409283,0.32367149758454106
1881,0.24653739612188366,0.20277777777777778,0.0011198208286674134,0.4043502567123104,0.787878787878788,0.03601136754593912,0.2415143603133159,0.1832,0.7777777777777778,0.236275191104934,0.787878787878788,0.0,0.7572463768115942,0.750877192982456,0.5284810126582279,0.3140096618357488
1882,0.0013850415512465374,0.20222222222222222,0.00167973124300112,0.3064377589883375,0.07070707070707072,0.01404919338495544,0.23368146214099217,0.1836,0.787878787878788,0.20222376650451704,0.7777777777777778,0.0,0.7644927536231884,0.7578947368421052,0.5137130801687764,0.2946859903381642
1883,0.25207756232686984,0.20222222222222222,0.0,0.2903113823205796,0.6565656565656566,0.020020454042029758,0.22715404699738903,0.1844,0.6565656565656566,0.17790132036136208,0.6565656565656566,0.0,0.7717391304347826,0.7614035087719297,0.5,0.27053140096618356
1884,0.2548476454293629,0.20333333333333334,0.0,0.24274614560001304,0.6363636363636365,0.02233920719379027,0.2206266318537859,0.1864,0.696969696969697,0.18137595552466992,0.6767676767676768,0.0,0.7789855072463768,0.7684210526315789,0.49050632911392406,0.27053140096618356
1885,0.257617728531856,0.2061111111111111,0.0,0.22430891186724966,0.0,0.018394499088051353,0.21409921671018275,0.18960000000000002,0.7171717171717172,0.19179986101459345,0.686868686868687,0.0,0.7862318840579711,0.775438596491228,0.4820675105485232,0.26570048309178745
1886,0.26038781163434904,0.20944444444444443,0.0,0.1769583254615809,0.0,0.018140001790906905,0.20757180156657962,0.1932,0.686868686868687,0.18137595552466992,0.6565656565656566,0.0,0.7934782608695652,0.7824561403508771,0.4746835443037975,0.2608695652173913
1887,0.02493074792243767,0.21388888888888888,0.0005599104143337066,0.1887649301628065,0.0,0.009727452246409939,0.20104438642297648,0.198,0.6565656565656566,0.1938846421125782,0.6262626262626263,0.0,0.8007246376811594,0.7894736842105263,0.4694092827004219,0.25603864734299514
1888,0.16204986149584488,0.0005555555555555556,0.37681970884658456,0.0,0.7373737373737375,0.0,0.741514360313316,0.0004,0.7272727272727273,0.5767894371091036,0.7373737373737375,0.0,0.06521739130434782,0.05964912280701755,0.8280590717299579,0.6280193236714976
1889,0.16343490304709143,0.0005555555555555556,0.37681970884658456,0.18455092322921332,0.08080808080808081,0.0,0.7323759791122717,0.0004,0.08080808080808081,0.5767894371091036,0.08080808080808081,0.0,0.06521739130434782,0.05964912280701755,0.8227848101265823,0.6280193236714976
1890,0.16204986149584488,0.0005555555555555556,0.38521836506159013,0.16972678981689457,0.08080808080808081,0.0,0.7219321148825066,0.0004,0.8181818181818182,0.6184850590687978,0.08080808080808081,0.0,0.06521739130434782,0.06315789473684211,0.8154008438818565,0.6231884057971014
1891,0.015235457063711912,0.0005555555555555556,0.3885778275475924,0.20208253841468748,0.8585858585858587,0.0,0.7127937336814623,0.0004,0.8787878787878789,0.5038220986796387,0.8585858585858587,0.0,0.06521739130434782,0.06315789473684211,0.8069620253164557,0.6183574879227054
1892,0.1662049861495845,0.0005555555555555556,0.38577827547592386,0.11940947643290314,0.8787878787878789,1.885165164032934e-05,0.7036553524804179,0.0004,0.9191919191919192,0.521195274496178,0.8787878787878789,0.0,0.06884057971014493,0.06315789473684211,0.79957805907173,0.6231884057971014
1893,0.16759002770083103,0.0005555555555555556,0.3880179171332587,0.12013023592668806,0.9494949494949496,0.0,0.6945169712793735,0.0008,0.9595959595959597,0.590687977762335,0.9494949494949496,0.0,0.06884057971014493,0.06315789473684211,0.7974683544303798,0.6183574879227054
1894,0.17451523545706374,0.0005555555555555556,0.3840985442329227,0.10939606044290218,0.8585858585858587,0.0,0.6840731070496084,0.0008,0.8585858585858587,0.5253648366921473,0.8585858585858587,0.0,0.06884057971014493,0.06315789473684211,0.7964135021097046,0.6183574879227054
1895,0.17451523545706374,0.0005555555555555556,0.37681970884658456,0.9584045309608094,0.8686868686868687,0.0,0.6749347258485641,0.0008,0.8686868686868687,0.46907574704656013,0.8686868686868687,0.0,0.06884057971014493,0.06666666666666667,0.7911392405063291,0.6183574879227054
1896,0.1703601108033241,0.0005555555555555556,0.34434490481522956,0.07637684048792666,0.8585858585858587,0.0,0.664490861618799,0.0008,0.8484848484848485,0.438498957609451,0.8585858585858587,0.0019801980198019802,0.07246376811594203,0.06666666666666667,0.7837552742616034,0.6231884057971014
1897,0.17174515235457066,0.0005555555555555556,0.31970884658454646,0.6321683722502623,0.888888888888889,0.0,0.654046997389034,0.0008,0.98989898989899,0.4864489228630994,0.888888888888889,0.0,0.07246376811594203,0.06666666666666667,0.7848101265822784,0.6231884057971014
1898,0.16759002770083103,0.0005555555555555556,0.3090705487122061,0.624941325412984,0.9292929292929294,0.0,0.05613577023498694,0.0008,0.888888888888889,0.5198054204308549,0.9292929292929294,0.0,0.07246376811594203,0.07017543859649122,0.7805907172995781,0.6231884057971014
1899,0.1689750692520776,0.0005555555555555556,0.3180291153415454,0.005284805760570545,0.9595959595959597,0.0,0.633159268929504,0.0008,0.9292929292929294,0.6184850590687978,0.9595959595959597,0.0019801980198019802,0.07608695652173914,0.07017543859649122,0.7732067510548523,0.6183574879227054
1900,0.1731301939058172,0.0005555555555555556,0.3085106382978723,0.5855638965728615,0.98989898989899,0.0,0.6214099216710184,0.0008,0.9595959595959597,0.5281445448227936,0.98989898989899,0.0,0.07608695652173914,0.0736842105263158,0.7679324894514767,0.6183574879227054
1901,0.17174515235457066,0.0005555555555555556,0.3085106382978723,0.7893966801335126,0.98989898989899,0.0,0.6109660574412533,0.0008,1.0,0.5767894371091036,1.0,0.0019801980198019802,0.07971014492753623,0.0736842105263158,0.7647679324894514,0.608695652173913
1902,0.1703601108033241,0.0011111111111111111,0.303471444568869,0.7332614705857794,0.98989898989899,0.0,0.5992167101827677,0.0008,0.9595959595959597,0.5364836692147325,1.0,0.0,0.07971014492753623,0.07719298245614034,0.760548523206751,0.5990338164251208
1903,0.1662049861495845,0.0011111111111111111,0.31187010078387456,0.09887337455821643,0.0,0.0,0.5861618798955615,0.0008,1.0,0.5392633773453788,0.98989898989899,0.0019801980198019802,0.08333333333333333,0.07719298245614034,0.7552742616033755,0.5845410628019323
1904,0.3795013850415513,0.005555555555555556,0.0,0.0,0.6767676767676768,0.00017909069058312874,0.6214099216710184,0.0048000000000000004,0.7474747474747475,0.296038915913829,0.7373737373737375,0.009900990099009901,0.043478260869565216,0.042105263157894736,0.5432489451476793,0.4830917874396135
1905,0.38365650969529086,0.005555555555555556,0.0,0.20857535032108063,0.6767676767676768,0.010834986780279287,0.612271540469974,0.005200000000000001,0.6464646464646465,0.296038915913829,0.7373737373737375,0.01188118811881188,0.043478260869565216,0.042105263157894736,0.5390295358649789,0.4830917874396135
1906,0.3878116343490305,0.005555555555555556,0.0,0.2575131163828407,0.7373737373737375,5.6554954920988015e-05,0.6031331592689296,0.005200000000000001,0.08080808080808081,0.33217512161223073,0.797979797979798,0.013861386138613862,0.043478260869565216,0.042105263157894736,0.5337552742616034,0.4830917874396135
1907,0.3919667590027701,0.005555555555555556,0.0,0.03168805667585502,0.686868686868687,0.0,0.5926892950391646,0.005200000000000001,0.8181818181818182,0.3161917998610146,0.7474747474747475,0.017821782178217824,0.043478260869565216,0.042105263157894736,0.5284810126582279,0.4782608695652174
1908,0.39335180055401664,0.005555555555555556,0.048712206047032476,0.23446003339825963,0.6666666666666667,0.0,0.5835509138381202,0.005200000000000001,0.696969696969697,0.3432939541348159,0.7272727272727273,0.017821782178217824,0.043478260869565216,0.042105263157894736,0.5210970464135021,0.4782608695652174
1909,0.39473684210526316,0.005555555555555556,0.043673012318029114,0.19031024563482637,0.5656565656565657,0.0,0.5731070496083551,0.0056,0.7272727272727273,0.2904794996525365,0.6767676767676768,0.019801980198019806,0.04710144927536231,0.042105263157894736,0.5116033755274262,0.46376811594202894
1910,0.39750692520775627,0.006111111111111111,0.04535274356103023,0.20567215227789543,0.6666666666666667,0.0,0.5639686684073109,0.0056,0.797979797979798,0.30298818624044477,0.7373737373737375,0.019801980198019806,0.04710144927536231,0.042105263157894736,0.5031645569620253,0.4444444444444444
1911,0.038781163434903045,0.006111111111111111,0.044792833146696534,0.10389922669478552,0.595959595959596,0.0,0.5535248041775458,0.0056,0.7676767676767677,0.31966643502432246,0.6363636363636365,0.023762376237623763,0.04710144927536231,0.042105263157894736,0.4947257383966244,0.42995169082125606
1912,0.407202216066482,0.006111111111111111,0.03919372900335946,0.08585922256837214,0.6161616161616162,0.0,0.5443864229765014,0.0056,0.7272727272727273,0.3057678943710911,0.7171717171717172,0.025742574257425738,0.04710144927536231,0.042105263157894736,0.48628691983122363,0.4154589371980676
1913,0.41274238227146814,0.006111111111111111,0.03527435610302351,0.12682349721366684,0.7171717171717172,4.712912910082335e-06,0.5339425587467364,0.0056,0.6767676767676768,0.41139680333564976,0.7272727272727273,0.02772277227722772,0.04710144927536231,0.045614035087719294,0.4789029535864979,0.3961352657004831
1914,0.04986149584487535,0.006111111111111111,0.04647256438969764,0.12075446813161389,0.6363636363636365,0.005759179576120614,0.5234986945169714,0.006,0.6161616161616162,0.4461431549687283,0.7272727272727273,0.02772277227722772,0.04710144927536231,0.045614035087719294,0.4704641350210971,0.3816425120772947
1915,0.43351800554016623,0.006111111111111111,0.031914893617021274,0.015826311101029996,0.06060606060606061,0.006527384380464033,0.04438642297650131,0.006,0.595959595959596,0.5830437804030577,0.6262626262626263,0.02772277227722772,0.050724637681159424,0.045614035087719294,0.4630801687763713,0.36714975845410625
1916,0.44321329639889195,0.006111111111111111,0.03247480403135498,0.1245845248724804,0.6767676767676768,0.018205982571648058,0.503916449086162,0.0056,0.6262626262626263,0.47185545517720645,0.686868686868687,0.025742574257425738,0.050724637681159424,0.045614035087719294,0.45675105485232065,0.34782608695652173
1917,0.4515235457063712,0.006111111111111111,0.0335946248600224,0.11116374807236665,0.06060606060606061,0.08304152547565075,0.4947780678851175,0.0056,0.5454545454545455,0.5343988881167478,0.6161616161616162,0.025742574257425738,0.050724637681159424,0.04912280701754386,0.45147679324894513,0.33333333333333337
1918,0.45706371191135736,0.006111111111111111,0.037513997760358346,0.9352712297004226,0.595959595959596,0.018960048637261234,0.48563968668407315,0.0056,0.5252525252525253,0.4642112578179291,0.5555555555555556,0.023762376237623763,0.050724637681159424,0.04912280701754386,0.4451476793248945,0.3188405797101449
1919,0.4626038781163435,0.006111111111111111,0.040313549832026875,0.6266614978330828,0.5757575757575758,0.03362663361343746,0.47650130548302877,0.0056,0.5151515151515152,0.27658095899930507,0.595959595959596,0.019801980198019806,0.05434782608695653,0.04912280701754386,0.4409282700421941,0.2995169082125604
1920,0.20083102493074795,0.0011111111111111111,0.0,0.0,0.9393939393939394,0.0,0.05483028720626632,0.0012000000000000001,0.8989898989898991,0.6817234190410008,0.9393939393939394,0.0019801980198019802,0.06884057971014493,0.06315789473684211,0.729957805907173,0.5942028985507246
1921,0.20221606648199447,0.0016666666666666666,0.0,0.5626970299816603,0.8787878787878789,0.0,0.6318537859007833,0.0012000000000000001,0.8383838383838385,0.6817234190410008,0.8787878787878789,0.0019801980198019802,0.06884057971014493,0.06315789473684211,0.7257383966244725,0.5942028985507246
1922,0.20360110803324102,0.0016666666666666666,0.2810750279955207,0.5743825414554353,0.8686868686868687,0.0,0.6214099216710184,0.0012000000000000001,0.08080808080808081,0.10354412786657402,0.8686868686868687,0.0019801980198019802,0.06884057971014493,0.06315789473684211,0.7162447257383967,0.5942028985507246
1923,0.20360110803324102,0.0016666666666666666,0.29955207166853304,0.44257495942943315,0.8787878787878789,0.0,0.612271540469974,0.0012000000000000001,0.8383838383838385,0.0924252953439889,0.8787878787878789,0.0,0.06884057971014493,0.06666666666666667,0.7162447257383967,0.5942028985507246
1924,0.019390581717451522,0.0016666666666666666,0.3236282194848824,0.4729737815166873,0.8989898989898991,0.0,0.6018276762402089,0.0012000000000000001,0.8484848484848485,0.6546212647671995,0.8989898989898991,0.0,0.07246376811594203,0.06666666666666667,0.7120253164556962,0.5942028985507246
1925,0.20914127423822715,0.0016666666666666666,0.31578947368421056,0.36057105228368036,0.8989898989898991,0.0,0.5926892950391646,0.0012000000000000001,0.8585858585858587,0.6323835997220292,0.8989898989898991,0.0,0.07246376811594203,0.06666666666666667,0.70042194092827,0.5990338164251208
1926,0.21329639889196678,0.0016666666666666666,0.3012318029115341,0.3098632896823036,0.8585858585858587,0.0,0.5822454308093996,0.0012000000000000001,0.8181818181818182,0.6351633078526755,0.8585858585858587,0.0,0.07246376811594203,0.06666666666666667,0.699367088607595,0.5845410628019323
1927,0.21606648199445985,0.0016666666666666666,0.34322508398656215,0.3479666704946135,0.8787878787878789,0.0,0.5731070496083551,0.0016,0.8585858585858587,0.5281445448227936,0.8989898989898991,0.0,0.07246376811594203,0.07017543859649122,0.689873417721519,0.5748792270531401
1928,0.21883656509695293,0.0016666666666666666,0.3135498320268757,0.3191468397511378,0.8686868686868687,0.0,0.5639686684073109,0.0016,0.9595959595959597,0.44544822793606675,0.9595959595959597,0.0,0.07608695652173914,0.07017543859649122,0.6845991561181435,0.5797101449275363
1929,0.221606648199446,0.0016666666666666666,0.3135498320268757,0.2622399853388302,0.9292929292929294,0.0,0.5548302872062664,0.0016,0.98989898989899,0.44683808200138986,0.98989898989899,0.0019801980198019802,0.07608695652173914,0.0736842105263158,0.6835443037974683,0.5845410628019323
1930,0.22437673130193908,0.0016666666666666666,0.3566629339305711,0.20714555998807907,0.9292929292929294,0.0,0.545691906005222,0.0016,0.9696969696969697,0.4656011118832523,0.9696969696969697,0.0019801980198019802,0.07971014492753623,0.0736842105263158,0.6814345991561181,0.5942028985507246
1931,0.22714681440443216,0.0016666666666666666,0.34658454647256437,0.20634881850919465,0.09090909090909091,0.0,0.535248041775457,0.0016,0.9292929292929294,0.4016678248783878,0.9292929292929294,0.0019801980198019802,0.07971014492753623,0.0736842105263158,0.6740506329113924,0.5845410628019323
1932,0.22853185595567868,0.0022222222222222222,0.37122060470324747,0.15568021032023743,0.8686868686868687,0.0,0.5261096605744126,0.0016,0.8686868686868687,0.4162612925642808,0.8686868686868687,0.0,0.08333333333333333,0.07719298245614034,0.6772151898734178,0.6135265700483091
1933,0.23130193905817176,0.0022222222222222222,0.31634938409854424,0.15308201248690403,0.0,0.0,0.04699738903394256,0.0016,0.8787878787878789,0.47046560111188324,0.8787878787878789,0.0,0.08333333333333333,0.07719298245614034,0.6666666666666666,0.5893719806763285
1934,0.0221606648199446,0.0022222222222222222,0.3723404255319149,0.2342353944000856,0.0,0.0,0.5065274151436032,0.002,0.09090909090909091,0.5288394718554552,0.8989898989898991,0.0,0.08695652173913043,0.08070175438596491,0.6582278481012658,0.5700483091787439
1935,0.2368421052631579,0.0022222222222222222,0.37905935050391937,0.2740280766894153,0.0,0.0,0.4973890339425588,0.002,0.8686868686868687,0.5628908964558721,0.8686868686868687,0.0,0.08695652173913043,0.08070175438596491,0.6592827004219409,0.5603864734299516
1936,0.1689750692520776,0.0044444444444444444,0.37905935050391937,0.0,0.09090909090909091,1.885165164032934e-05,0.7127937336814623,0.004,0.888888888888889,0.3801250868658791,0.09090909090909091,0.0,0.036231884057971016,0.03508771929824562,0.7774261603375527,0.6473429951690821
1937,0.17174515235457066,0.0044444444444444444,0.0,0.09753381732743803,0.888888888888889,0.0,0.7036553524804179,0.004,0.787878787878788,0.3801250868658791,0.888888888888889,0.0,0.036231884057971016,0.03508771929824562,0.7753164556962026,0.6473429951690821
1938,0.17174515235457066,0.0044444444444444444,0.30067189249720044,0.9482168593149789,0.888888888888889,0.0,0.6945169712793735,0.0044,0.7171717171717172,0.36344683808200146,0.888888888888889,0.0,0.036231884057971016,0.03508771929824562,0.7710970464135021,0.6473429951690821
1939,0.1772853185595568,0.005,0.28723404255319146,0.8874502846111589,0.9595959595959597,0.0,0.6866840731070497,0.0044,0.9494949494949496,0.35997220291869353,0.9595959595959597,0.0,0.036231884057971016,0.03508771929824562,0.7647679324894514,0.6473429951690821
1940,0.18282548476454294,0.005,0.2698768197088466,0.760793527250781,0.9191919191919192,0.0,0.6775456919060053,0.0048000000000000004,0.9191919191919192,0.3425990271021543,0.9191919191919192,0.0019801980198019802,0.036231884057971016,0.03508771929824562,0.760548523206751,0.6473429951690821
1941,0.018005540166204984,0.005555555555555556,0.26371780515117577,0.6955412295288164,0.9393939393939394,0.0,0.668407310704961,0.0048000000000000004,0.9292929292929294,0.3683113273106324,0.9393939393939394,0.0019801980198019802,0.036231884057971016,0.03508771929824562,0.7468354430379747,0.6425120772946861
1942,0.018005540166204984,0.005555555555555556,0.2620380739081747,0.571396161946603,0.9393939393939394,0.0,0.6592689295039166,0.005200000000000001,0.9292929292929294,0.37248088950660185,0.9393939393939394,0.0039603960396039604,0.03985507246376811,0.03859649122807018,0.7447257383966245,0.6425120772946861
1943,0.18975069252077564,0.006111111111111111,0.270996640537514,0.0585956684850152,0.9393939393939394,4.712912910082335e-06,0.06266318537859009,0.0056,0.9393939393939394,0.3287004864489229,0.9393939393939394,0.0039603960396039604,0.03985507246376811,0.03859649122807018,0.7383966244725738,0.6376811594202898
1944,0.18282548476454294,0.006111111111111111,0.23964165733482645,0.5172572775248108,0.9393939393939394,0.0,0.05483028720626632,0.006,0.9393939393939394,0.31966643502432246,0.9393939393939394,0.0039603960396039604,0.03985507246376811,0.03859649122807018,0.7341772151898733,0.6376811594202898
1945,0.1842105263157895,0.006666666666666666,0.23572228443449048,0.44950882345787696,0.9494949494949496,0.0,0.633159268929504,0.006,0.9494949494949496,0.310632383599722,0.9494949494949496,0.005940594059405941,0.03985507246376811,0.03859649122807018,0.731012658227848,0.6280193236714976
1946,0.20360110803324102,0.007222222222222222,0.24804031354983208,0.4122448497310264,0.9494949494949496,0.0,0.6240208877284595,0.0064,0.6666666666666667,0.3280055594162613,0.7777777777777778,0.005940594059405941,0.043478260869565216,0.042105263157894736,0.729957805907173,0.6280193236714976
1947,0.20775623268698062,0.0077777777777777776,0.23852183650615902,0.3575293737206198,0.9292929292929294,0.0,0.6148825065274153,0.007200000000000001,0.8181818181818182,0.31688672689367614,0.8686868686868687,0.005940594059405941,0.043478260869565216,0.042105263157894736,0.7225738396624473,0.6183574879227054
1948,0.20914127423822715,0.008333333333333333,0.25139977603583424,0.3476069716212953,0.6565656565656566,0.0,0.6057441253263708,0.0076,0.9595959595959597,0.31966643502432246,0.9494949494949496,0.005940594059405941,0.043478260869565216,0.042105263157894736,0.7236286919831224,0.6425120772946861
1949,0.19806094182825487,0.008888888888888889,0.2250839865621501,0.4060478444632989,0.0,0.0,0.5966057441253265,0.008,0.9595959595959597,0.3432939541348159,0.9595959595959597,0.005940594059405941,0.04710144927536231,0.045614035087719294,0.7236286919831224,0.6714975845410628
1950,0.1952908587257618,0.009444444444444445,0.23572228443449048,0.3030359742798804,0.0,0.0,0.5887728459530027,0.0088,0.09090909090909091,0.34607366226546216,0.09090909090909091,0.007920792079207921,0.04710144927536231,0.045614035087719294,0.7141350210970464,0.6473429951690821
1951,0.21191135734072022,0.01,0.2564389697648376,0.29800299678508,0.0,4.712912910082335e-06,0.5796344647519583,0.009600000000000001,0.9393939393939394,0.3356497567755386,0.98989898989899,0.007920792079207921,0.04710144927536231,0.045614035087719294,0.7109704641350212,0.6521739130434783
1952,0.29085872576177285,0.028888888888888888,0.25251959686450165,0.0,0.06060606060606061,0.0029172930913409652,0.3185378590078329,0.0264,0.797979797979798,0.32731063238359975,0.06060606060606061,0.0,0.03260869565217391,0.33684210526315783,0.7162447257383967,0.5652173913043478
1953,0.2950138504155125,0.03,0.25251959686450165,0.3132401261212487,0.6767676767676768,0.27734549893252525,0.31070496083550914,0.027200000000000002,0.7777777777777778,0.32731063238359975,0.6767676767676768,0.0,0.03260869565217391,0.33684210526315783,0.7130801687763714,0.5652173913043478
1954,0.30193905817174516,0.030555555555555555,0.25755879059350506,0.24630378920605928,0.8989898989898991,0.013761705697440417,0.304177545691906,0.027600000000000003,0.8484848484848485,0.31688672689367614,0.8989898989898991,0.0,0.03260869565217391,0.33684210526315783,0.7078059071729959,0.5652173913043478
1955,0.2991689750692521,0.03111111111111111,0.28051511758118697,0.21309349464069796,0.888888888888889,0.007239034229886466,0.2963446475195822,0.0284,0.888888888888889,0.30993745656706045,0.888888888888889,0.0,0.03260869565217391,0.33684210526315783,0.7025316455696203,0.5603864734299516
1956,0.30055401662049863,0.03166666666666667,0.27715565509518475,0.19181150430452695,0.8787878787878789,0.030813024606118306,0.28851174934725854,0.028800000000000003,0.8787878787878789,0.2981236970118138,0.8787878787878789,0.0,0.03260869565217391,0.33684210526315783,0.7056962025316456,0.5555555555555556
1957,0.30055401662049863,0.03222222222222222,0.270996640537514,0.19858408187885448,0.7777777777777778,0.030011829411404307,0.2819843342036554,0.0296,0.787878787878788,0.3036831132731064,0.797979797979798,0.0,0.03260869565217391,0.33684210526315783,0.6983122362869199,0.5507246376811594
1958,0.30193905817174516,0.03277777777777778,0.24692049272116462,0.15979854768036925,0.8585858585858587,0.00692326906491095,0.27545691906005226,0.0304,0.8686868686868687,0.30646282140375264,0.8787878787878789,0.0,0.03260869565217391,0.33684210526315783,0.6972573839662447,0.5652173913043478
1959,0.2991689750692521,0.03333333333333333,0.2351623740201568,0.1557337528759004,0.888888888888889,0.0016071033023380761,0.2689295039164491,0.031200000000000002,0.9191919191919192,0.3127171646977068,0.9191919191919192,0.0,0.03260869565217391,0.33684210526315783,0.6909282700421941,0.5555555555555556
1960,0.29778393351800553,0.034444444444444444,0.2340425531914894,0.013755446570528998,0.8787878787878789,0.0024978438423436376,0.262402088772846,0.032,0.8787878787878789,0.2738012508686588,0.8787878787878789,0.0,0.03260869565217391,0.33684210526315783,0.6835443037974683,0.5507246376811594
1961,0.30193905817174516,0.035,0.2278835386338186,0.12156314961383331,0.7777777777777778,4.241621619074101e-05,0.020887728459530026,0.0328,0.888888888888889,0.2744961779013204,0.888888888888889,0.0,0.03260869565217391,0.33684210526315783,0.6814345991561181,0.5555555555555556
1962,0.3074792243767313,0.03611111111111111,0.23572228443449048,0.10590546287590104,0.494949494949495,0.0005561237233897155,0.014360313315926894,0.033600000000000005,0.09090909090909091,0.2717164697706741,0.8989898989898991,0.0,0.03260869565217391,0.33684210526315783,0.6772151898734178,0.5603864734299516
1963,0.30055401662049863,0.03666666666666667,0.24860022396416576,0.13421198646242155,0.48484848484848486,0.014256561552999062,0.2428198433420366,0.0344,0.8585858585858587,0.22446143154968728,0.888888888888889,0.0,0.03260869565217391,0.33684210526315783,0.6708860759493671,0.5603864734299516
1964,0.2991689750692521,0.03722222222222222,0.24804031354983208,9.026388181547888e-11,0.5252525252525253,0.049537427597875425,0.23759791122715407,0.034800000000000005,0.8585858585858587,0.22585128561501044,0.8484848484848485,0.0,0.03260869565217391,0.33684210526315783,0.6656118143459916,0.5603864734299516
1965,0.30470914127423826,0.03777777777777778,0.24692049272116462,1.000372710144454e-11,0.42424242424242425,0.03300452910930659,0.2310704960835509,0.0356,0.7777777777777778,0.1938846421125782,0.797979797979798,0.0,0.03260869565217391,0.33684210526315783,0.6592827004219409,0.5507246376811594
1966,0.30470914127423826,0.03777777777777778,0.2536394176931691,0.0691345099295266,0.4545454545454546,0.03468703901820598,0.22584856396866843,0.0356,0.7676767676767677,0.20847810979847117,0.797979797979798,0.0,0.03260869565217391,0.33684210526315783,0.6561181434599156,0.5507246376811594
1967,0.30193905817174516,0.03833333333333333,0.26427771556550955,0.11716378941118376,0.07070707070707072,0.033555939919786226,0.2193211488250653,0.036000000000000004,0.7474747474747475,0.22307157748436415,0.787878787878788,0.0,0.03260869565217391,0.3333333333333333,0.6518987341772152,0.5507246376811594
1968,0.16066481994459836,0.0011111111111111111,0.5991041433370662,0.0,0.9696969696969697,0.0,0.7924281984334205,0.0008,0.9292929292929294,0.4412786657400973,0.98989898989899,0.0,0.06521739130434782,0.06666666666666667,0.8987341772151899,0.7922705314009661
1969,0.015235457063711912,0.0011111111111111111,0.5991041433370662,0.024421147157375478,0.9696969696969697,0.0,0.7845953002610967,0.0008,0.9494949494949496,0.4412786657400973,0.98989898989899,0.0,0.06521739130434782,0.07017543859649122,0.8966244725738396,0.7922705314009661
1970,0.015235457063711912,0.0011111111111111111,0.6506159014557672,0.23474071668043653,0.9696969696969697,0.00039588468444691613,0.07049608355091386,0.0008,0.9595959595959597,0.4447533009034052,1.0,0.0,0.06884057971014493,0.07017543859649122,0.8839662447257384,0.7439613526570048
1971,0.17174515235457066,0.0011111111111111111,0.6047032474804033,0.023042033550859663,0.9797979797979799,0.0003346168166158458,0.7663185378590079,0.0008,0.9595959595959597,0.46004169562195973,1.0,0.0,0.06884057971014493,0.07017543859649122,0.8797468354430379,0.7391304347826088
1972,0.17590027700831026,0.0011111111111111111,0.6114221724524077,0.25049073678644035,0.98989898989899,0.0,0.7584856396866841,0.0008,0.9696969696969697,0.4656011118832523,1.0,0.0,0.06884057971014493,0.0736842105263158,0.8744725738396624,0.7439613526570048
1973,0.01662049861495845,0.0011111111111111111,0.5923852183650616,0.22085614082138835,0.98989898989899,6.126786783107035e-05,0.7493472584856398,0.0008,0.9696969696969697,0.47810979847116053,1.0,0.0,0.07246376811594203,0.0736842105263158,0.8670886075949367,0.7294685990338164
1974,0.18698060941828257,0.0011111111111111111,0.5985442329227324,0.13013071677117527,0.98989898989899,0.0005419849846594685,0.741514360313316,0.0012000000000000001,0.9696969696969697,0.4947880472550383,1.0,0.0,0.07246376811594203,0.07719298245614034,0.8628691983122362,0.7294685990338164
1975,0.018005540166204984,0.0011111111111111111,0.6377379619260919,0.15740723635012951,0.98989898989899,0.0,0.7336814621409923,0.0012000000000000001,0.9696969696969697,0.47810979847116053,1.0,0.0,0.07608695652173914,0.07719298245614034,0.8575949367088607,0.7246376811594203
1976,0.19806094182825487,0.0011111111111111111,0.6097424412094066,0.014327889012241345,0.98989898989899,0.0001885165164032934,0.7258485639686685,0.0012000000000000001,1.0,0.43641417651146636,1.0,0.0,0.07608695652173914,0.08070175438596491,0.8523206751054853,0.7246376811594203
1977,0.19806094182825487,0.0011111111111111111,0.5817469204927213,0.009160672797362912,0.98989898989899,0.0005655495492098802,0.7180156657963448,0.0012000000000000001,1.0,0.42876997915218906,1.0,0.0,0.07971014492753623,0.08070175438596491,0.8470464135021097,0.7246376811594203
1978,0.19806094182825487,0.0011111111111111111,0.5313549832026876,0.7954629362396142,0.98989898989899,6.126786783107035e-05,0.7114882506527416,0.0012000000000000001,1.0,0.4308547602501738,1.0,0.0,0.07971014492753623,0.08421052631578947,0.8407172995780591,0.7149758454106281
1979,0.19667590027700832,0.0011111111111111111,0.5139977603583427,0.6491455621258068,0.98989898989899,5.184204201090568e-05,0.7049608355091385,0.0012000000000000001,1.0,0.4301598332175122,1.0,0.0,0.08333333333333333,0.08421052631578947,0.8438818565400844,0.748792270531401
1980,0.1952908587257618,0.0016666666666666666,0.5067189249720045,0.0005429194229714824,0.9797979797979799,0.00022621981968395206,0.6984334203655354,0.0012000000000000001,0.98989898989899,0.4322446143154969,1.0,0.0,0.08333333333333333,0.08771929824561403,0.839662447257384,0.7391304347826088
1981,0.1994459833795014,0.0016666666666666666,0.448488241881299,0.5169084388729768,0.98989898989899,0.00016023903894279938,0.6919060052219322,0.0012000000000000001,0.98989898989899,0.4391938846421126,1.0,0.0,0.08695652173913043,0.08771929824561403,0.8333333333333334,0.7246376811594203
1982,0.20498614958448755,0.0016666666666666666,0.43281075027995525,0.46750979296956036,0.9595959595959597,0.0006268174170409505,0.6866840731070497,0.0012000000000000001,0.98989898989899,0.4072272411396804,0.98989898989899,0.0,0.08695652173913043,0.0912280701754386,0.8270042194092827,0.7101449275362318
1983,0.2105263157894737,0.0016666666666666666,0.46976483762597987,0.4131141162904433,1.0,0.0003628942940763398,0.6801566579634466,0.0016,0.98989898989899,0.3822098679638638,0.98989898989899,0.0,0.08695652173913043,0.09473684210526315,0.819620253164557,0.7053140096618358
1984,0.1038781163434903,0.0,0.5526315789473686,0.0,0.98989898989899,3.770330328065868e-05,0.7911227154046999,0.0,0.98989898989899,0.660180681028492,0.98989898989899,0.0,0.021739130434782608,0.014035087719298244,0.8871308016877637,0.8019323671497585
1985,0.10664819944598337,0.0,0.5526315789473686,0.2717029159205077,0.98989898989899,0.0,0.07702349869451698,0.0,0.98989898989899,0.660180681028492,0.98989898989899,0.0,0.021739130434782608,0.014035087719298244,0.8829113924050632,0.8115942028985508
1986,0.10803324099722991,0.0,0.5593505039193729,0.027024777855996555,0.98989898989899,4.712912910082335e-06,0.06788511749347259,0.0,0.98989898989899,0.6636553161918,0.98989898989899,0.0,0.021739130434782608,0.014035087719298244,0.8723628691983122,0.7874396135265701
1987,0.11080332409972299,0.0,0.6690929451287795,0.033200490787214654,0.98989898989899,0.0001083969969318937,0.7637075718015667,0.0,0.98989898989899,0.6768589298123697,0.98989898989899,0.0,0.021739130434782608,0.014035087719298244,0.8691983122362869,0.7874396135265701
1988,0.11634349030470914,0.0,0.6668533034714447,0.31134263839630266,0.9797979797979799,9.42582582016467e-06,0.7545691906005223,0.0,0.9797979797979799,0.118137595552467,0.9797979797979799,0.0,0.021739130434782608,0.014035087719298244,0.8628691983122362,0.7826086956521738
1989,0.12049861495844875,0.0,0.685330347144457,0.31245058682737464,0.9797979797979799,2.3564564550411675e-05,0.7454308093994779,0.0,0.9797979797979799,0.10006949270326616,0.98989898989899,0.0,0.021739130434782608,0.014035087719298244,0.8565400843881857,0.7729468599033816
1990,0.0110803324099723,0.0,0.6730123180291154,0.3376595557443575,0.9696969696969697,1.4138738730247004e-05,0.7349869451697129,0.0,0.9696969696969697,0.09867963863794302,0.9696969696969697,0.0,0.021739130434782608,0.014035087719298244,0.8533755274261604,0.7729468599033816
1991,0.12603878116343492,0.0,0.690929451287794,0.36589072428034286,0.9797979797979799,4.712912910082335e-06,0.7245430809399479,0.0,0.9797979797979799,0.6879777623349549,0.9797979797979799,0.0,0.021739130434782608,0.014035087719298244,0.8481012658227849,0.7632850241545894
1992,0.128808864265928,0.0,0.7032474804031356,0.33390792562271376,0.9797979797979799,0.0,0.714099216710183,0.0,0.9696969696969697,0.6685198054204309,0.9797979797979799,0.0,0.021739130434782608,0.014035087719298244,0.8407172995780591,0.7439613526570048
1993,0.13157894736842107,0.0,0.7334826427771557,0.2888787256575744,0.9797979797979799,0.0,0.7036553524804179,0.0,0.9797979797979799,0.6719944405837387,0.9797979797979799,0.0,0.021739130434782608,0.014035087719298244,0.8364978902953587,0.7439613526570048
1994,0.013850415512465374,0.0,0.7458006718924973,0.28186365852817125,0.9494949494949496,3.2990390370576346e-05,0.6932114882506528,0.0004,0.9393939393939394,0.6935371785962474,0.9393939393939394,0.0,0.021739130434782608,0.017543859649122806,0.8333333333333334,0.7439613526570048
1995,0.13573407202216067,0.0,0.7525195968645018,0.27655635173650944,0.9494949494949496,2.3564564550411675e-05,0.6827676240208878,0.0004,0.9595959595959597,0.6838082001389855,0.9595959595959597,0.0,0.021739130434782608,0.017543859649122806,0.8354430379746836,0.7681159420289855
1996,0.019390581717451522,0.0,0.7950727883538635,0.22876668926967603,0.9494949494949496,3.770330328065868e-05,0.6723237597911228,0.0004,0.9696969696969697,0.6629603891591382,1.0,0.0,0.021739130434782608,0.017543859649122806,0.8322784810126582,0.7632850241545894
1997,0.0221606648199446,0.0005555555555555556,0.6713325867861143,0.01907149478724759,0.8282828282828284,3.770330328065868e-05,0.6618798955613578,0.0004,0.9696969696969697,0.6358582348853371,0.98989898989899,0.0,0.025362318840579712,0.017543859649122806,0.8312236286919832,0.7681159420289855
1998,0.013850415512465374,0.0005555555555555556,0.6836506159014559,0.16600677877289782,0.07070707070707072,0.0,0.06396866840731072,0.0004,0.9696969696969697,0.6323835997220292,0.9797979797979799,0.0,0.025362318840579712,0.017543859649122806,0.8248945147679325,0.7584541062801932
1999,0.013850415512465374,0.0005555555555555556,0.6651735722284435,0.16760459708484687,0.5858585858585859,0.00021208108095370506,0.05352480417754569,0.0004,0.9696969696969697,0.6351633078526755,0.9696969696969697,0.0,0.025362318840579712,0.017543859649122806,0.819620253164557,0.748792270531401
2000,0.09279778393351801,0.0,0.06382978723404256,0.0,1.0,8.483243238148202e-05,0.8916449086161881,0.0,1.0,0.15218902015288396,1.0,0.0,0.1847826086956522,0.16842105263157894,0.9018987341772152,0.6473429951690821
2001,0.09418282548476455,0.0,0.06382978723404256,0.5071882699979281,0.8989898989898991,0.0002167939938637874,0.8798955613577025,0.0,1.0,0.15218902015288396,0.8989898989898991,0.0,0.1847826086956522,0.16491228070175437,0.9008438818565401,0.6473429951690821
2002,0.008310249307479223,0.0,0.06662933930571109,0.5159248561696193,0.9797979797979799,0.00034404264243601045,0.8707571801566582,0.0,1.0,0.14940931202223767,0.9797979797979799,0.0,0.18115942028985507,0.1614035087719298,0.8892405063291139,0.6473429951690821
2003,0.09833795013850416,0.0,0.06270996640537514,0.05171863764241619,0.9393939393939394,0.0007540660656131736,0.8616187989556137,0.0,0.9393939393939394,0.15010423905489925,0.9292929292929294,0.0,0.18115942028985507,0.1614035087719298,0.8829113924050632,0.6473429951690821
2004,0.10110803324099724,0.0,0.06438969764837627,0.04416458688487094,0.9393939393939394,0.0004760042039183158,0.8550913838120106,0.0,0.9292929292929294,0.1341209173036831,0.9393939393939394,0.0,0.18115942028985507,0.15789473684210523,0.8723628691983122,0.5990338164251208
2005,0.1038781163434903,0.0,0.06438969764837627,0.3783091658317406,0.9797979797979799,0.0013903093084742888,0.8485639686684074,0.0,0.98989898989899,0.20152883947185546,0.9797979797979799,0.0,0.17753623188405798,0.15789473684210523,0.870253164556962,0.5797101449275363
2006,0.10803324099722991,0.0,0.061590145576707736,0.369479141468804,1.0,0.0005278462459292215,0.8433420365535248,0.0,0.98989898989899,0.18276580958999306,1.0,0.0,0.17753623188405798,0.15789473684210523,0.8734177215189873,0.5700483091787439
2007,0.11218836565096953,0.0,0.07614781634938411,0.5493208173210712,0.9797979797979799,0.0,0.8381201044386425,0.0,0.98989898989899,0.12995135510771372,0.9797979797979799,0.0,0.17753623188405798,0.15438596491228068,0.870253164556962,0.5652173913043478
2008,0.11357340720221606,0.0,0.06886898096304592,0.44258097225176307,0.9494949494949496,0.001701361560539723,0.8368146214099217,0.0,0.9797979797979799,0.1605281445448228,0.9494949494949496,0.0,0.1739130434782609,0.15438596491228068,0.8755274261603375,0.608695652173913
2009,0.11357340720221606,0.0,0.07110862262038074,0.4493367922728584,0.9696969696969697,0.0006786594590518562,0.8355091383812011,0.0,0.9595959595959597,0.1792911744266852,0.9696969696969697,0.0,0.1739130434782609,0.15438596491228068,0.880801687763713,0.6618357487922705
2010,0.1149584487534626,0.0,0.06550951847704367,0.459005055994277,0.9797979797979799,0.00034875555534609275,0.8368146214099217,0.0,0.98989898989899,0.2154273801250869,0.9797979797979799,0.0,0.17028985507246377,0.15438596491228068,0.8755274261603375,0.6618357487922705
2011,0.1149584487534626,0.0,0.061590145576707736,0.40714625765937285,0.9797979797979799,0.00013667447439238772,0.8355091383812011,0.0,0.9595959595959597,0.250868658790827,0.9696969696969697,0.0,0.17028985507246377,0.15438596491228068,0.871308016877637,0.6521739130434783
2012,0.11634349030470914,0.0,0.055431131019036954,0.4056666638409036,0.9393939393939394,0.00011310990984197603,0.8315926892950393,0.0,0.9393939393939394,0.2876997915218902,0.9292929292929294,0.0,0.17028985507246377,0.15438596491228068,0.859704641350211,0.6183574879227054
2013,0.11634349030470914,0.0,0.048152295632698766,0.1889901651444696,0.98989898989899,0.00016023903894279938,0.8237597911227155,0.0,0.9696969696969697,0.1883252258512856,0.9696969696969697,0.0,0.17028985507246377,0.15438596491228068,0.8512658227848102,0.5893719806763285
2014,0.11911357340720222,0.0,0.041993281075028,0.17033053230979803,0.9393939393939394,0.0001083969969318937,0.8133159268929505,0.0,0.9393939393939394,0.17790132036136208,0.9393939393939394,0.0,0.17028985507246377,0.15438596491228068,0.8533755274261604,0.608695652173913
2015,0.12049861495844875,0.0,0.027435610302351626,0.1561864539209467,0.8989898989898991,0.0002167939938637874,0.8015665796344649,0.0,0.9191919191919192,0.15149409312022238,0.08080808080808081,0.0,0.17028985507246377,0.15438596491228068,0.8523206751054853,0.6280193236714976
2016,0.18282548476454294,0.0011111111111111111,0.0,0.0,0.09090909090909091,1.885165164032934e-05,0.07441253263707573,0.0008,0.8989898989898991,0.38707435719249483,0.8989898989898991,0.0,0.08695652173913043,0.0912280701754386,0.8417721518987342,0.7101449275362318
2017,0.18559556786703602,0.0011111111111111111,0.0,0.1579014854575848,0.9494949494949496,0.00027806186169485774,0.7689295039164492,0.0008,0.9494949494949496,0.38707435719249483,0.9494949494949496,0.0,0.09057971014492754,0.09473684210526315,0.8407172995780591,0.7101449275362318
2018,0.18975069252077564,0.0011111111111111111,0.536394176931691,0.12327825627444063,0.9696969696969697,0.005462266062785426,0.7597911227154048,0.0008,0.888888888888889,0.3891591382904795,0.9292929292929294,0.0,0.09420289855072464,0.09824561403508772,0.8375527426160337,0.7101449275362318
2019,0.18975069252077564,0.0011111111111111111,0.5358342665173573,0.10801405476390252,0.9696969696969697,0.03511120118011339,0.7493472584856398,0.0008,0.9292929292929294,0.3808200138985407,0.9191919191919192,0.0,0.09782608695652173,0.10175438596491228,0.8407172995780591,0.7391304347826088
2020,0.19113573407202217,0.0011111111111111111,0.5089585666293394,0.10342956516162484,0.9696969696969697,0.0197423921803349,0.7402088772845954,0.0008,0.8989898989898991,0.38429464906184857,0.8989898989898991,0.0,0.10144927536231883,0.10526315789473684,0.8417721518987342,0.7584541062801932
2021,0.2105263157894737,0.0011111111111111111,0.5033594624860023,0.984877048379338,0.98989898989899,0.0009095921916458906,0.7297650130548303,0.0008,0.9494949494949496,0.40514246004169563,0.9494949494949496,0.0,0.10507246376811595,0.10877192982456141,0.8407172995780591,0.7632850241545894
2022,0.21745152354570638,0.0011111111111111111,0.5817469204927213,0.1498846977938644,0.9595959595959597,3.770330328065868e-05,0.7219321148825066,0.0012000000000000001,0.9595959595959597,0.3863794301598332,0.9595959595959597,0.0,0.10507246376811595,0.11228070175438595,0.8386075949367089,0.7439613526570048
2023,0.21883656509695293,0.0011111111111111111,0.6657334826427772,0.128292277487678,0.9797979797979799,5.6554954920988015e-05,0.7127937336814623,0.0012000000000000001,0.9595959595959597,0.37039610840861714,0.9696969696969697,0.0,0.10869565217391305,0.11929824561403508,0.8227848101265823,0.7101449275362318
2024,0.21191135734072022,0.0016666666666666666,0.5929451287793953,0.9206866564090416,1.0,0.0016636582572590642,0.7049608355091385,0.0012000000000000001,0.9696969696969697,0.36205698401667824,0.9696969696969697,0.0,0.11231884057971016,0.12280701754385966,0.8080168776371308,0.6811594202898551
2025,0.21606648199445985,0.0016666666666666666,0.47592385218365063,0.6667430106491324,1.0,0.015062469660623141,0.6971279373368147,0.0016,0.9797979797979799,0.3891591382904795,0.9797979797979799,0.0,0.11231884057971016,0.1263157894736842,0.7964135021097046,0.6618357487922705
2026,0.22299168975069253,0.0016666666666666666,0.429451287793953,0.6164202918451435,0.98989898989899,0.023767219805545213,0.6906005221932116,0.0016,0.9797979797979799,0.3801250868658791,0.9797979797979799,0.0,0.11594202898550725,0.12982456140350876,0.7858649789029536,0.6473429951690821
2027,0.22714681440443216,0.0022222222222222222,0.5492721164613663,0.43203798366365564,1.0,0.0005514108104796332,0.6840731070496084,0.0016,0.9797979797979799,0.37734537873523283,0.9797979797979799,0.0,0.11956521739130435,0.1333333333333333,0.7732067510548523,0.6231884057971014
2028,0.23961218836565099,0.0022222222222222222,0.49104143337066064,0.3757941659913275,0.98989898989899,4.241621619074101e-05,0.6775456919060053,0.0016,0.9797979797979799,0.3683113273106324,0.9797979797979799,0.0,0.12318840579710146,0.13684210526315788,0.7616033755274262,0.6038647342995169
2029,0.24515235457063714,0.0022222222222222222,0.538073908174692,0.378852683942664,1.0,6.598078074115269e-05,0.6710182767624022,0.002,0.98989898989899,0.31758165392633775,0.98989898989899,0.0,0.13043478260869568,0.14035087719298242,0.7531645569620253,0.5797101449275363
2030,0.24653739612188366,0.0022222222222222222,0.5470324748040314,0.18040722031096176,0.98989898989899,4.712912910082335e-05,0.664490861618799,0.002,1.0,0.30298818624044477,1.0,0.0,0.13405797101449277,0.143859649122807,0.7468354430379747,0.5652173913043478
2031,0.2409972299168975,0.0022222222222222222,0.5683090705487123,0.15288918688704398,0.98989898989899,0.0001649519518528817,0.6579634464751959,0.002,1.0,0.30090340514246006,1.0,0.0,0.14130434782608697,0.14736842105263157,0.7415611814345991,0.5555555555555556
2032,0.3060941828254848,0.007222222222222222,0.5660694288913773,0.0,0.9797979797979799,0.003972985583199408,0.07180156657963448,0.006,0.9797979797979799,0.5350938151494093,0.9797979797979799,0.0,0.07971014492753623,0.07719298245614034,0.8491561181434599,0.7246376811594203
2033,0.3102493074792244,0.007222222222222222,0.5660694288913773,0.13427695306999904,0.9797979797979799,0.02220253271939788,0.7689295039164492,0.006,0.9797979797979799,0.5350938151494093,0.9797979797979799,0.0,0.07971014492753623,0.07719298245614034,0.8470464135021097,0.7198067632850241
2034,0.31578947368421056,0.0077777777777777776,0.591825307950728,0.1532025912654135,0.9797979797979799,0.011023503296682582,0.7610966057441254,0.0064,0.98989898989899,0.5489923558026408,0.9797979797979799,0.0019801980198019802,0.07971014492753623,0.07719298245614034,0.8428270042194094,0.7053140096618358
2035,0.3268698060941828,0.0077777777777777776,0.61478163493841,0.1791181710281516,0.9797979797979799,0.010005514108104796,0.7532637075718017,0.0064,0.98989898989899,0.47810979847116053,0.9797979797979799,0.0039603960396039604,0.07971014492753623,0.08070175438596491,0.8354430379746836,0.6908212560386474
2036,0.33379501385041555,0.0077777777777777776,0.6175811870100784,0.018507033315693092,0.9797979797979799,0.0029644222204417885,0.7454308093994779,0.0068000000000000005,0.9797979797979799,0.4593467685892982,0.9797979797979799,0.0039603960396039604,0.07971014492753623,0.08070175438596491,0.8280590717299579,0.6763285024154589
2037,0.35318559556786705,0.008333333333333333,0.6181410974244123,0.1630779157775343,0.9797979797979799,0.0006079657654006212,0.7375979112271541,0.0068000000000000005,0.98989898989899,0.4746351633078527,0.9797979797979799,0.0019801980198019802,0.07971014492753623,0.08421052631578947,0.8154008438818565,0.6618357487922705
2038,0.3601108033240997,0.008333333333333333,0.6270996640537515,0.1372327965884896,0.98989898989899,0.0004760042039183158,0.731070496083551,0.007200000000000001,0.98989898989899,0.5170257123002086,0.98989898989899,0.0039603960396039604,0.07971014492753623,0.08421052631578947,0.8185654008438819,0.6763285024154589
2039,0.38365650969529086,0.008888888888888889,0.6735722284434491,0.1619974928689446,0.98989898989899,0.00012724864857222305,0.7258485639686685,0.007200000000000001,0.98989898989899,0.4322446143154969,0.98989898989899,0.0039603960396039604,0.07971014492753623,0.08421052631578947,0.8111814345991561,0.6714975845410628
2040,0.389196675900277,0.008888888888888889,0.6819708846584547,0.11044396999811544,0.98989898989899,0.0008153339334442439,0.7193211488250654,0.0076,0.98989898989899,0.37387074357192496,0.98989898989899,0.0039603960396039604,0.08333333333333333,0.08771929824561403,0.8027426160337553,0.6666666666666667
2041,0.0027700831024930752,0.009444444444444445,0.6595744680851064,0.12272092186392733,0.98989898989899,0.005405711107864438,0.714099216710183,0.008,0.98989898989899,0.3683113273106324,0.98989898989899,0.0039603960396039604,0.08333333333333333,0.0912280701754386,0.7953586497890295,0.6666666666666667
2042,0.4515235457063712,0.01,0.6472564389697649,0.6265420971987411,0.9797979797979799,0.00213966246117738,0.7088772845953003,0.008,0.98989898989899,0.36205698401667824,0.98989898989899,0.0039603960396039604,0.08333333333333333,0.0912280701754386,0.7890295358649789,0.6618357487922705
2043,0.44321329639889195,0.010555555555555556,0.643337066069429,0.4659248144457668,0.9696969696969697,0.011518359152241227,0.7049608355091385,0.008400000000000001,0.98989898989899,0.36066712995135514,0.9797979797979799,0.0039603960396039604,0.08695652173913043,0.09473684210526315,0.7816455696202531,0.6570048309178743
2044,0.44459833795013853,0.011111111111111112,0.6332586786114223,0.3337656495394183,0.9494949494949496,0.015510196387080963,0.7010443864229766,0.0088,0.9797979797979799,0.3898540653231411,0.9696969696969697,0.005940594059405941,0.09057971014492754,0.09473684210526315,0.7732067510548523,0.6376811594202898
2045,0.4321329639889197,0.011111111111111112,0.6080627099664054,0.2669822645247056,0.8181818181818182,0.0027334894878477544,0.6984334203655354,0.009600000000000001,0.9797979797979799,0.4162612925642808,0.9797979797979799,0.0039603960396039604,0.09420289855072464,0.09824561403508772,0.7668776371308017,0.6183574879227054
2046,0.05124653739612188,0.011666666666666667,0.5856662933930572,0.26468950412272474,0.43434343434343436,0.009765155549690598,0.6945169712793735,0.01,0.9797979797979799,0.3940236275191105,0.9696969696969697,0.0039603960396039604,0.09782608695652173,0.10175438596491228,0.7594936708860759,0.6038647342995169
2047,0.04986149584487535,0.012222222222222223,0.5694288913773796,0.22483103988033842,0.0,0.022621981968395207,0.6919060052219322,0.010400000000000001,0.9797979797979799,0.3766504517025712,0.9696969696969697,0.0019801980198019802,0.10144927536231883,0.10175438596491228,0.7478902953586497,0.5845410628019323
2048,0.31301939058171746,0.006111111111111111,0.0,0.0,0.98989898989899,4.712912910082335e-06,0.26631853785900783,0.006,1.0,0.5232800555941627,0.98989898989899,0.005940594059405941,0.2028985507246377,0.1964912280701754,0.520042194092827,0.5217391304347826
2049,0.030470914127423823,0.006666666666666666,0.0,0.7562276469574938,0.98989898989899,4.712912910082335e-05,0.02349869451697128,0.0064,0.98989898989899,0.5232800555941627,0.98989898989899,0.005940594059405941,0.20652173913043478,0.19999999999999998,0.5147679324894515,0.5217391304347826
2050,0.3213296398891967,0.006666666666666666,0.0,0.11730263773801235,0.98989898989899,8.011951947139969e-05,0.014360313315926894,0.0068000000000000005,0.98989898989899,0.5343988881167478,0.98989898989899,0.007920792079207921,0.21014492753623193,0.20350877192982456,0.5116033755274262,0.5217391304347826
2051,0.3296398891966759,0.007222222222222222,0.0,0.9790833195964899,0.98989898989899,0.0003534684682561751,0.2415143603133159,0.007200000000000001,0.98989898989899,0.5337039610840861,0.98989898989899,0.01188118811881188,0.21739130434782608,0.21052631578947364,0.501054852320675,0.5072463768115942
2052,0.3407202216066482,0.0077777777777777776,0.4664053751399776,0.9089568988205449,0.9797979797979799,0.00014610030021255238,0.23368146214099217,0.008,0.9393939393939394,0.535788742182071,0.9797979797979799,0.023762376237623763,0.22463768115942032,0.21403508771929822,0.48945147679324896,0.49275362318840576
2053,0.03462603878116344,0.008888888888888889,0.4428891377379619,0.6389267170377148,0.9797979797979799,0.0005702624621199625,0.22584856396866843,0.0092,0.9393939393939394,0.5496872828353023,0.9797979797979799,0.04356435643564356,0.23188405797101452,0.2175438596491228,0.4789029535864979,0.4830917874396135
2054,0.39750692520775627,0.009444444444444445,0.3975363941769317,0.9180765012437776,0.9797979797979799,2.3564564550411675e-05,0.21801566579634465,0.01,0.9393939393939394,0.5003474635163309,0.9797979797979799,0.05346534653465346,0.2355072463768116,0.22105263157894736,0.47151898734177217,0.49275362318840576
2055,0.389196675900277,0.01,0.3572228443449048,6.626338461259712e-11,0.9797979797979799,2.8277477460494007e-05,0.2101827676240209,0.0112,0.9797979797979799,0.532314107018763,0.9797979797979799,0.0712871287128713,0.23913043478260873,0.22807017543859645,0.4620253164556962,0.5024154589371981
2056,0.407202216066482,0.011111111111111112,0.37905935050391937,0.7422019383017961,0.9797979797979799,0.0001225357356621407,0.20234986945169714,0.012,0.98989898989899,0.5899930507296735,0.9797979797979799,0.09702970297029703,0.24275362318840582,0.23157894736842102,0.4472573839662447,0.48792270531400966
2057,0.45290858725761773,0.012222222222222223,0.38465845464725645,0.7859990744212144,1.0,0.0023281789775806733,0.19451697127937337,0.013600000000000001,1.0,0.08339124391938847,1.0,0.1207920792079208,0.24275362318840582,0.2350877192982456,0.42616033755274263,0.44927536231884063
2058,0.04986149584487535,0.013333333333333332,0.3919372900335946,0.39511869443347253,0.9595959595959597,0.0006079657654006212,0.18798955613577026,0.0152,0.9595959595959597,0.4746351633078527,0.9595959595959597,0.1386138613861386,0.24275362318840582,0.2421052631578947,0.4092827004219409,0.42512077294685996
2059,0.5484764542936288,0.014444444444444444,0.37737961926091823,0.31988449041865485,0.8989898989898991,0.0018191843832917813,0.18146214099216712,0.016800000000000002,0.8989898989898991,0.43363446838082004,0.8989898989898991,0.1504950495049505,0.2463768115942029,0.24561403508771926,0.39135021097046413,0.3961352657004831
2060,0.06509695290858726,0.01611111111111111,0.3723404255319149,0.3335790828680113,0.9696969696969697,0.005014539336327604,0.1762402088772846,0.0184,0.9696969696969697,0.4405837387074357,0.9696969696969697,0.15841584158415842,0.25,0.2526315789473684,0.37869198312236285,0.36714975845410625
2061,0.5734072022160664,0.017222222222222222,0.43729003359462487,0.0019692274094218133,0.888888888888889,0.012903955547805433,0.17101827676240208,0.02,0.8585858585858587,0.2904794996525365,0.888888888888889,0.15643564356435644,0.2572463768115942,0.25614035087719295,0.3618143459915612,0.34782608695652173
2062,0.6052631578947368,0.018333333333333333,0.31970884658454646,3.8889552549057644e-11,0.0,0.004222769967433772,0.16579634464751958,0.0216,0.7676767676767677,0.3043780403057679,0.7777777777777778,0.15841584158415842,0.2644927536231884,0.2596491228070175,0.350210970464135,0.3429951690821256
2063,0.5886426592797784,0.01888888888888889,0.3986562150055991,0.18448361435644128,0.0,0.009873552546622491,0.15926892950391644,0.0228,0.09090909090909091,0.29325920778318276,0.09090909090909091,0.16633663366336635,0.2717391304347826,0.26666666666666666,0.33544303797468356,0.3188405797101449
2064,0.18975069252077564,0.0,0.5576707726763719,0.0,1.0,0.0,0.6070496083550915,0.0,1.0,0.4669909659485754,1.0,0.0,0.15217391304347827,0.14736842105263157,0.7753164556962026,0.6328502415458936
2065,0.19113573407202217,0.0,0.5576707726763719,0.0,1.0,0.0,0.5966057441253265,0.0,1.0,0.4669909659485754,1.0,0.0,0.15217391304347827,0.14736842105263157,0.7626582278481012,0.6328502415458936
2066,0.19390581717451524,0.0,0.5442329227323629,0.0,1.0,0.0,0.5861618798955615,0.0,1.0,0.5455177206393329,1.0,0.0,0.15217391304347827,0.14736842105263157,0.7742616033755274,0.6328502415458936
2067,0.1952908587257618,0.0,0.5587905935050392,0.0,0.98989898989899,0.0,0.5770234986945171,0.0,0.98989898989899,0.5802640722724114,0.98989898989899,0.0,0.15217391304347827,0.14736842105263157,0.7753164556962026,0.6280193236714976
2068,0.19667590027700832,0.0,0.5834266517357224,0.0,1.0,0.0,0.5678851174934727,0.0,1.0,0.5267546907574705,1.0,0.0,0.15217391304347827,0.14736842105263157,0.7732067510548523,0.6231884057971014
2069,0.20221606648199447,0.0,0.6080627099664054,0.0,0.9797979797979799,0.0,0.5587467362924282,0.0,0.9797979797979799,0.5628908964558721,0.9797979797979799,0.0,0.15217391304347827,0.14736842105263157,0.7637130801687764,0.6183574879227054
2070,0.20221606648199447,0.0,0.620380739081747,0.0,0.9595959595959597,0.0,0.5483028720626633,0.0,0.9595959595959597,0.5642807505211953,0.9595959595959597,0.0,0.15217391304347827,0.15087719298245614,0.7563291139240506,0.6135265700483091
2071,0.20498614958448755,0.0,0.6763717805151176,0.0,0.9696969696969697,0.0,0.5378590078328983,0.0,0.9696969696969697,0.5163307852675469,0.9696969696969697,0.0,0.15217391304347827,0.15087719298245614,0.7489451476793249,0.608695652173913
2072,0.20775623268698062,0.0,0.7094064949608063,0.0,1.0,0.0,0.5261096605744126,0.0,1.0,0.47324530924252955,1.0,0.0,0.15217391304347827,0.15087719298245614,0.7457805907172995,0.6183574879227054
2073,0.21329639889196678,0.0,0.7525195968645018,0.0,0.8585858585858587,0.0,0.04438642297650131,0.0,0.8585858585858587,0.4426685198054205,0.8585858585858587,0.0,0.15217391304347827,0.15087719298245614,0.7320675105485231,0.5990338164251208
2074,0.02077562326869806,0.0,0.6892497200447929,0.0,0.9595959595959597,0.0,0.503916449086162,0.0,0.9595959595959597,0.4343293954134816,0.9595959595959597,0.0019801980198019802,0.1557971014492754,0.15087719298245614,0.7267932489451476,0.5893719806763285
2075,0.22853185595567868,0.0,0.6674132138857783,0.0,0.9191919191919192,0.0,0.4960835509138381,0.0,0.9191919191919192,0.4308547602501738,0.9191919191919192,0.0019801980198019802,0.1557971014492754,0.15087719298245614,0.7236286919831224,0.5942028985507246
2076,0.23545706371191136,0.0,0.7021276595744682,0.0,0.8484848484848485,0.0,0.4882506527415144,0.0,0.9191919191919192,0.42390548992355803,0.09090909090909091,0.0019801980198019802,0.1557971014492754,0.15087719298245614,0.7215189873417722,0.5990338164251208
2077,0.23961218836565099,0.0,0.6629339305711087,0.0,0.14141414141414144,0.0,0.48172323759791125,0.0,0.09090909090909091,0.43988881167477417,0.7474747474747475,0.0,0.1557971014492754,0.15438596491228068,0.7183544303797469,0.6038647342995169
2078,0.24515235457063714,0.0,0.6730123180291154,0.0,0.0,0.0,0.47389033942558745,0.0,1.0,0.42390548992355803,1.0,0.0039603960396039604,0.15942028985507248,0.15438596491228068,0.7215189873417722,0.608695652173913
2079,0.25207756232686984,0.0,0.6539753639417694,0.0,0.0,0.0,0.46736292428198434,0.0,0.07070707070707072,0.38429464906184857,0.07070707070707072,0.005940594059405941,0.15942028985507248,0.15438596491228068,0.0,0.6183574879227054
2080,0.2146814404432133,0.0,0.3919372900335946,0.0,0.98989898989899,0.0,0.6932114882506528,0.0,0.9797979797979799,0.5997220291869355,0.98989898989899,0.0,0.12318840579710146,0.11578947368421053,0.7594936708860759,0.6425120772946861
2081,0.21606648199445985,0.0,0.3919372900335946,0.0,0.98989898989899,0.0,0.6801566579634466,0.0,0.9797979797979799,0.5997220291869355,0.98989898989899,0.0,0.12318840579710146,0.11578947368421053,0.7594936708860759,0.6425120772946861
2082,0.221606648199446,0.0,0.3952967525195969,0.0,0.9797979797979799,0.0,0.668407310704961,0.0,0.9797979797979799,0.36205698401667824,0.9797979797979799,0.0,0.12318840579710146,0.11578947368421053,0.7563291139240506,0.6425120772946861
2083,0.21883656509695293,0.0,0.38745800671892494,0.0,0.9696969696969697,0.0,0.6553524804177547,0.0,0.9696969696969697,0.5892981236970118,0.9696969696969697,0.0,0.12318840579710146,0.11929824561403508,0.7521097046413502,0.6425120772946861
2084,0.02077562326869806,0.0,0.3924972004479283,0.0,0.9696969696969697,0.0,0.05613577023498694,0.0,0.9696969696969697,0.3467685892981237,0.9696969696969697,0.0,0.12318840579710146,0.11929824561403508,0.751054852320675,0.6425120772946861
2085,0.22299168975069253,0.0,0.39137737961926095,0.0,1.0,0.0,0.6305483028720628,0.0,1.0,0.32731063238359975,1.0,0.0,0.12318840579710146,0.11929824561403508,0.75,0.6425120772946861
2086,0.22714681440443216,0.0,0.3829787234042553,0.0,1.0,0.0,0.6187989556135771,0.0,1.0,0.3564975677553857,1.0,0.0019801980198019802,0.12681159420289856,0.11929824561403508,0.7478902953586497,0.6425120772946861
2087,0.22991689750692523,0.0,0.38689809630459127,0.0,1.0,0.0,0.6070496083550915,0.0,1.0,0.3266157053509382,1.0,0.0039603960396039604,0.12681159420289856,0.12280701754385966,0.7426160337552742,0.6425120772946861
2088,0.0221606648199446,0.0,0.32922732362821944,0.0,1.0,0.0,0.5953002610966058,0.0,1.0,0.27241139680333565,1.0,0.0039603960396039604,0.12681159420289856,0.12280701754385966,0.740506329113924,0.6425120772946861
2089,0.23822714681440443,0.0,0.3314669652855543,0.0,1.0,0.0,0.5835509138381202,0.0,1.0,0.2696316886726894,1.0,0.0039603960396039604,0.13043478260869568,0.12280701754385966,0.7331223628691983,0.6425120772946861
2090,0.24376731301939059,0.0,0.33762597984322507,0.0,1.0,0.0,0.570496083550914,0.0,0.9393939393939394,0.25434329395413485,1.0,0.0019801980198019802,0.13043478260869568,0.1263157894736842,0.729957805907173,0.6425120772946861
2091,0.24930747922437674,0.0,0.30291153415453526,0.0,1.0,0.0,0.5587467362924282,0.0,1.0,0.2585128561501043,1.0,0.005940594059405941,0.13405797101449277,0.1263157894736842,0.7267932489451476,0.6376811594202898
2092,0.25346260387811637,0.0,0.28499440089585665,0.0,0.31313131313131315,0.0,0.5469973890339427,0.0,1.0,0.2717164697706741,1.0,0.005940594059405941,0.13405797101449277,0.12982456140350876,0.719409282700422,0.6280193236714976
2093,0.2562326869806094,0.0,0.2760358342665174,0.0,0.0,0.0,0.535248041775457,0.0,1.0,0.27310632383599726,1.0,0.005940594059405941,0.13768115942028986,0.12982456140350876,0.7141350210970464,0.6231884057971014
2094,0.2562326869806094,0.0,0.26427771556550955,0.0,0.0,0.0,0.5221932114882507,0.0,1.0,0.2529534398888117,1.0,0.01188118811881188,0.13768115942028986,0.1333333333333333,0.709915611814346,0.6183574879227054
2095,0.2562326869806094,0.0,0.26819708846584545,0.0,0.0,0.0,0.04046997389033942,0.0,1.0,0.2592077831827658,0.98989898989899,0.01188118811881188,0.14130434782608697,0.1333333333333333,0.0,0.6135265700483091
2096,0.17174515235457066,0.0,0.0,0.0,0.595959595959596,0.0,0.962140992167102,0.0,0.6161616161616162,0.501737317581654,0.6666666666666667,0.0,0.003623188405797102,0.0,0.740506329113924,0.6231884057971014
2097,0.17590027700831026,0.0,0.0,0.6613691804809206,0.5656565656565657,0.0,0.9569190600522194,0.0,0.5858585858585859,0.501737317581654,0.6363636363636365,0.0,0.003623188405797102,0.0,0.7394514767932489,0.6231884057971014
2098,0.18005540166204986,0.0,0.0,0.6995066009653307,0.06060606060606061,0.0,0.9503916449086163,0.0,0.6262626262626263,0.4801945795691453,0.6767676767676768,0.0,0.003623188405797102,0.0,0.7383966244725738,0.6231884057971014
2099,0.18698060941828257,0.0,0.0,0.49286855557535453,0.6464646464646465,4.712912910082335e-06,0.9451697127937339,0.0,0.6262626262626263,0.3613620569840167,0.6464646464646465,0.0,0.003623188405797102,0.0,0.7362869198312236,0.6231884057971014
2100,0.19113573407202217,0.0,0.11982082866741323,0.5596441706681802,0.5858585858585859,0.0,0.9386422976501307,0.0,0.06060606060606061,0.4030576789437109,0.6565656565656566,0.0,0.003623188405797102,0.0,0.731012658227848,0.6231884057971014
2101,0.19806094182825487,0.0,0.167973124300112,0.4355127489042293,0.5757575757575758,3.770330328065868e-05,0.9334203655352482,0.0,0.5757575757575758,0.39610840861709523,0.6262626262626263,0.0,0.003623188405797102,0.0035087719298245615,0.7278481012658228,0.6231884057971014
2102,0.2368421052631579,0.0,0.1606942889137738,0.42193310934957645,0.4444444444444445,0.0,0.926892950391645,0.0,0.4545454545454546,0.3752605976372481,0.494949494949495,0.0,0.003623188405797102,0.0035087719298245615,0.7289029535864978,0.6231884057971014
2103,0.20083102493074795,0.0,0.22172452407614784,0.4743087566861706,0.12121212121212122,0.0,0.9190600522193213,0.0,0.5454545454545455,0.3141070187630299,0.26262626262626265,0.0,0.003623188405797102,0.0035087719298245615,0.7257383966244725,0.6231884057971014
2104,0.20498614958448755,0.0,0.21500559910414335,0.4781528646142374,0.4646464646464647,0.0,0.09007832898172326,0.0,0.494949494949495,0.36483669214732456,0.5353535353535354,0.0,0.003623188405797102,0.0035087719298245615,0.719409282700422,0.6231884057971014
2105,0.2105263157894737,0.0,0.19652855543113104,0.40295051386352004,0.3535353535353536,0.0,0.08224543080939949,0.0,0.37373737373737376,0.325225851285615,0.393939393939394,0.0,0.003623188405797102,0.0035087719298245615,0.7141350210970464,0.6135265700483091
2106,0.02077562326869806,0.0,0.2026875699888018,0.2879422914584475,0.4141414141414142,0.0,0.8968668407310707,0.0,0.5555555555555556,0.310632383599722,0.494949494949495,0.0,0.003623188405797102,0.0035087719298245615,0.7078059071729959,0.608695652173913
2107,0.22299168975069253,0.0,0.2021276595744681,0.3111251855566922,0.5454545454545455,0.0,0.8864229765013056,0.0,0.26262626262626265,0.3092425295343989,0.5555555555555556,0.0,0.003623188405797102,0.0035087719298245615,0.7014767932489452,0.5990338164251208
2108,0.2326869806094183,0.0,0.23292273236282196,0.2503848973306891,0.8383838383838385,0.0,0.8772845953002613,0.0,0.8282828282828284,0.32731063238359975,0.8383838383838385,0.0,0.003623188405797102,0.0035087719298245615,0.6951476793248945,0.5942028985507246
2109,0.23961218836565099,0.0,0.1842105263157895,0.2085129307165551,0.8686868686868687,0.0,0.8668407310704963,0.0,0.8585858585858587,0.35441278665740095,0.8686868686868687,0.0,0.003623188405797102,0.0035087719298245615,0.6888185654008439,0.5845410628019323
2110,0.2409972299168975,0.0,0.1914893617021277,0.1997414445530684,0.8989898989898991,0.0,0.8550913838120106,0.0,0.8383838383838385,0.3585823488533704,0.8585858585858587,0.0,0.003623188405797102,0.0035087719298245615,0.680379746835443,0.5797101449275363
2111,0.023545706371191136,0.0,0.1674132138857783,0.021289431916229947,0.8989898989898991,0.0,0.8433420365535248,0.0,0.9494949494949496,0.3690062543432939,0.9595959595959597,0.0,0.003623188405797102,0.0035087719298245615,0.6751054852320675,0.5845410628019323
2112,0.02493074792243767,0.0,0.0,0.0,0.9696969696969697,0.0,0.037859007832898174,0.0,0.9696969696969697,0.5802640722724114,0.9696969696969697,0.0019801980198019802,0.1956521739130435,0.18245614035087718,0.5959915611814346,0.5410628019323671
2113,0.26315789473684215,0.0,0.0,0.22610389063241254,0.9595959595959597,0.0,0.027415143603133157,0.0,0.9595959595959597,0.5802640722724114,0.9595959595959597,0.0019801980198019802,0.19927536231884058,0.18596491228070175,0.5928270042194094,0.536231884057971
2114,0.26454293628808867,0.0,0.0,0.20099177444132338,0.9797979797979799,0.0,0.36945169712793735,0.0,0.9797979797979799,0.6782487838776928,0.9797979797979799,0.0019801980198019802,0.2028985507246377,0.1894736842105263,0.589662447257384,0.5314009661835749
2115,0.2673130193905817,0.0,0.0,0.8211598320311346,0.9696969696969697,0.0,0.35900783289817234,0.0,0.9696969696969697,0.5976372480889507,0.9696969696969697,0.007920792079207921,0.21014492753623193,0.1964912280701754,0.5833333333333334,0.5217391304347826
2116,0.27285318559556787,0.0,0.3180291153415454,0.7507790665367815,0.9696969696969697,0.0,0.34856396866840733,0.0,0.9696969696969697,0.37804030576789444,0.9696969696969697,0.007920792079207921,0.21376811594202902,0.20350877192982456,0.5759493670886077,0.5120772946859903
2117,0.03185595567867036,0.0,0.31187010078387456,0.6314452761005392,0.98989898989899,0.0,0.3381201044386423,0.0,0.98989898989899,0.364141765114663,0.98989898989899,0.007920792079207921,0.21739130434782608,0.2070175438596491,0.5717299578059072,0.5120772946859903
2118,0.027700831024930747,0.0,0.23068309070548712,0.11154494562269633,0.98989898989899,0.0,0.32898172323759794,0.0,1.0,0.46212647671994445,0.98989898989899,0.015841584158415842,0.22463768115942032,0.21403508771929822,0.5622362869198313,0.48792270531400966
2119,0.296398891966759,0.0,0.2435610302351624,0.06296048338116923,1.0,0.0,0.3185378590078329,0.0,1.0,0.39332870048644897,1.0,0.015841584158415842,0.23188405797101452,0.22105263157894736,0.560126582278481,0.5024154589371981
2120,0.2991689750692521,0.0,0.23124300111982082,0.5001952370291889,0.8787878787878789,0.0,0.3093994778067885,0.0,0.98989898989899,0.5170257123002086,0.9797979797979799,0.02178217821782178,0.23913043478260873,0.22807017543859645,0.5559071729957806,0.497584541062802
2121,0.029085872576177285,0.0,0.30515117581187007,0.47167146423909717,0.7575757575757577,0.0,0.3002610966057441,0.0,0.9797979797979799,0.5448227936066713,0.9797979797979799,0.02178217821782178,0.2463768115942029,0.2350877192982456,0.54957805907173,0.49275362318840576
2122,0.3060941828254848,0.0,0.2945128779395296,0.010831787963421477,0.9696969696969697,0.0,0.2924281984334204,0.0,0.9797979797979799,0.09728978457261987,0.9797979797979799,0.0297029702970297,0.25,0.2421052631578947,0.5421940928270043,0.4830917874396135
2123,0.30886426592797783,0.0,0.32306830907054873,0.9028392488044648,0.07070707070707072,0.0,0.28459530026109664,0.0,1.0,0.6907574704656011,0.9696969696969697,0.0297029702970297,0.2572463768115942,0.24912280701754386,0.5369198312236287,0.4734299516908213
2124,0.3102493074792244,0.0,0.36562150055991044,0.8657029844229501,0.43434343434343436,0.0,0.27676240208877284,0.0,0.9494949494949496,0.7727588603196665,0.9494949494949496,0.0297029702970297,0.2644927536231884,0.25614035087719295,0.5316455696202531,0.4685990338164251
2125,0.31163434903047094,0.0,0.32418812989921614,0.5088578582442712,0.0,0.0,0.27023498694516973,0.0,0.9292929292929294,0.08408617095205004,0.9292929292929294,0.025742574257425738,0.2717391304347826,0.2631578947368421,0.5284810126582279,0.46376811594202894
2126,0.3102493074792244,0.0,0.28051511758118697,0.3847577829080417,0.0,0.0,0.262402088772846,0.0,0.09090909090909091,0.08895066018068104,0.9292929292929294,0.02772277227722772,0.2789855072463768,0.2701754385964912,0.5242616033755274,0.45410628019323673
2127,0.30886426592797783,0.0,0.28331466965285557,0.0,0.0,0.0,0.022193211488250653,0.0,0.8787878787878789,0.6157053509381515,0.8282828282828284,0.02772277227722772,0.286231884057971,0.2807017543859649,0.5147679324894515,0.44927536231884063
2128,0.12049861495844875,0.0038888888888888888,0.004479283314669653,0.0,0.98989898989899,0.0010321279273080312,0.8772845953002613,0.0032,0.9797979797979799,0.325225851285615,0.98989898989899,0.0,0.2789855072463768,0.2631578947368421,0.8913502109704641,0.7777777777777778
2129,0.12049861495844875,0.0038888888888888888,0.004479283314669653,0.2020978139222552,0.98989898989899,0.0007257885881526796,0.8655352480417755,0.0036000000000000003,0.98989898989899,0.325225851285615,0.98989898989899,0.0,0.2753623188405797,0.2596491228070175,0.8871308016877637,0.7632850241545894
2130,0.12188365650969529,0.0044444444444444444,0.004479283314669653,0.20504968218079128,0.98989898989899,0.0054858306273358375,0.85378590078329,0.0036000000000000003,0.98989898989899,0.2953439888811675,0.98989898989899,0.0,0.2717391304347826,0.2596491228070175,0.8755274261603375,0.7342995169082125
2131,0.0110803324099723,0.0044444444444444444,0.004479283314669653,0.19670543284141828,0.98989898989899,0.0013855963955642064,0.8433420365535248,0.0036000000000000003,0.98989898989899,0.2682418346073662,0.98989898989899,0.0,0.2681159420289855,0.25614035087719295,0.8628691983122362,0.7004830917874396
2132,0.12603878116343492,0.0044444444444444444,0.004479283314669653,0.17386246649027617,0.98989898989899,0.001706074473449805,0.8315926892950393,0.0036000000000000003,0.98989898989899,0.2480889506601807,0.98989898989899,0.0,0.2644927536231884,0.25614035087719295,0.8481012658227849,0.6714975845410628
2133,0.128808864265928,0.0044444444444444444,0.004479283314669653,0.11999264407328578,0.98989898989899,0.0015741129119675,0.8211488250652742,0.0036000000000000003,0.98989898989899,0.24252953439888814,0.98989898989899,0.0,0.2608695652173913,0.25614035087719295,0.8354430379746836,0.6425120772946861
2134,0.1329639889196676,0.0044444444444444444,0.004479283314669653,0.1181177170779452,0.98989898989899,0.00038645885862675146,0.8107049608355092,0.004,0.98989898989899,0.34051424600416963,0.98989898989899,0.0,0.2608695652173913,0.2526315789473684,0.830168776371308,0.6280193236714976
2135,0.13434903047091415,0.005,0.004479283314669653,0.15532299895178756,0.98989898989899,0.0007446402397930089,0.8015665796344649,0.004,0.98989898989899,0.19944405837387078,0.98989898989899,0.0,0.2572463768115942,0.2526315789473684,0.8217299578059072,0.6183574879227054
2136,0.13573407202216067,0.005,0.00503919372900336,0.013100518611620355,0.9696969696969697,0.021905619206062692,0.7911227154046999,0.004,0.9696969696969697,0.24252953439888814,0.9696969696969697,0.0,0.2572463768115942,0.2526315789473684,0.8154008438818565,0.6135265700483091
2137,0.0,0.005,0.003919372900335946,0.1397761544251292,0.9696969696969697,0.0038033207184364442,0.07702349869451698,0.004,0.9696969696969697,0.24669909659485753,0.9696969696969697,0.0,0.2572463768115942,0.2526315789473684,0.809071729957806,0.6038647342995169
2138,0.013850415512465374,0.005,0.002239641657334827,0.11188945282679646,0.9797979797979799,0.0017579165154607108,0.06788511749347259,0.004,0.9696969696969697,0.23766504517025713,0.9696969696969697,0.0,0.2572463768115942,0.2526315789473684,0.8027426160337553,0.5990338164251208
2139,0.015235457063711912,0.005,0.0027995520716685334,0.8178290857499421,0.9696969696969697,0.00886027627095479,0.762402088772846,0.0044,0.9696969696969697,0.24878387769284227,0.9696969696969697,0.0,0.2572463768115942,0.2526315789473684,0.7953586497890295,0.5942028985507246
2140,0.01662049861495845,0.005,0.002239641657334827,0.8337447122387873,0.9595959595959597,0.00569319879537946,0.7506527415143605,0.0044,0.9595959595959597,0.29186935371785966,0.9595959595959597,0.0,0.2572463768115942,0.2526315789473684,0.7879746835443038,0.5893719806763285
2141,0.019390581717451522,0.005555555555555556,0.002239641657334827,0.6892346383229108,0.9797979797979799,0.0014657159150356061,0.7402088772845954,0.0044,0.9595959595959597,0.29742876997915224,0.9595959595959597,0.0,0.2608695652173913,0.2526315789473684,0.7858649789029536,0.5845410628019323
2142,0.0221606648199446,0.005555555555555556,0.002239641657334827,0.7116696334419247,0.9595959595959597,0.0007305015010627619,0.7297650130548303,0.0048000000000000004,0.9797979797979799,0.3120222376650452,0.9797979797979799,0.0,0.2608695652173913,0.2526315789473684,0.7827004219409283,0.5797101449275363
2143,0.013850415512465374,0.005555555555555556,0.002239641657334827,0.7834728645821164,0.9393939393939394,0.0,0.7206266318537861,0.0048000000000000004,0.9595959595959597,0.2946490618485059,0.9595959595959597,0.0,0.2608695652173913,0.25614035087719295,0.7774261603375527,0.5700483091787439
2144,0.2590027700831025,0.010555555555555556,0.013997760358342666,0.0,0.8989898989898991,0.00027334894878477544,0.304177545691906,0.010400000000000001,0.8585858585858587,0.3238359972202919,0.8989898989898991,0.0039603960396039604,0.34057971014492755,0.32280701754385965,0.5179324894514767,0.45893719806763283
2145,0.26454293628808867,0.010555555555555556,0.013997760358342666,0.12826451477378356,0.8989898989898991,0.00015081321312263471,0.2976501305483029,0.0108,0.8585858585858587,0.3238359972202919,0.8989898989898991,0.0039603960396039604,0.34782608695652173,0.32982456140350874,0.5094936708860759,0.43961352657004826
2146,0.2700831024930748,0.011111111111111112,0.013997760358342666,0.01185810007864509,0.9292929292929294,8.011951947139969e-05,0.2898172323759791,0.0112,0.8989898989898991,0.3134120917303683,0.9292929292929294,0.0039603960396039604,0.35507246376811596,0.33684210526315783,0.5,0.42028985507246375
2147,0.0013850415512465374,0.011111111111111112,0.015117581187010082,0.10223465352429599,0.9191919191919192,0.0002167939938637874,0.283289817232376,0.011600000000000001,0.8383838383838385,0.2995135510771369,0.9191919191919192,0.005940594059405941,0.03260869565217391,0.343859649122807,0.48839662447257387,0.40096618357487923
2148,0.03462603878116344,0.011111111111111112,0.017357222844344905,0.14334170818447164,0.9292929292929294,8.483243238148202e-05,0.27676240208877284,0.012400000000000001,0.8989898989898991,0.3071577484364142,0.9292929292929294,0.005940594059405941,0.03985507246376811,0.03508771929824562,0.479957805907173,0.3816425120772947
2149,0.29224376731301943,0.011666666666666667,0.015117581187010082,0.10217578628186097,0.8989898989898991,0.002017126725515239,0.27023498694516973,0.0128,0.7676767676767677,0.3210562890896456,0.8989898989898991,0.005940594059405941,0.04710144927536231,0.042105263157894736,0.47362869198312235,0.3719806763285024
2150,0.30193905817174516,0.011666666666666667,0.016237402015677492,0.11794239566340602,0.8686868686868687,0.0047081999971722525,0.26370757180156656,0.0132,0.8383838383838385,0.33425990271021544,0.8686868686868687,0.007920792079207921,0.05434782608695653,0.04912280701754386,0.46835443037974683,0.36231884057971014
2151,0.3102493074792244,0.012222222222222223,0.015117581187010082,0.010901298068656536,0.888888888888889,2.8277477460494007e-05,0.02349869451697128,0.013600000000000001,0.8787878787878789,0.3432939541348159,0.888888888888889,0.009900990099009901,0.06159420289855072,0.056140350877192984,0.4588607594936709,0.3429951690821256
2152,0.030470914127423823,0.012222222222222223,0.017357222844344905,0.8322887314864842,0.9494949494949496,5.184204201090568e-05,0.016971279373368148,0.014400000000000001,0.9393939393939394,0.3280055594162613,0.9494949494949496,0.01188118811881188,0.39492753623188404,0.06315789473684211,0.4483122362869198,0.32850241545893716
2153,0.3254847645429363,0.012777777777777779,0.01847704367301232,0.10447466528072039,0.8989898989898991,1.4138738730247004e-05,0.24673629242819844,0.0152,0.8989898989898991,0.37804030576789444,0.8989898989898991,0.01188118811881188,0.4021739130434782,0.38596491228070173,0.4451476793248945,0.3188405797101449
2154,0.33379501385041555,0.012777777777777779,0.017917133258678615,0.9619599318659615,0.8484848484848485,0.0,0.2415143603133159,0.016,0.8484848484848485,0.37178596247394025,0.8484848484848485,0.01188118811881188,0.40942028985507245,0.3929824561403509,0.43776371308016876,0.3091787439613527
2155,0.3407202216066482,0.013333333333333332,0.019036954087346025,0.6613149285546577,0.5454545454545455,0.00014610030021255238,0.23629242819843344,0.016800000000000002,0.8787878787878789,0.39471855455177207,0.8787878787878789,0.01188118811881188,0.41666666666666663,0.39999999999999997,0.430379746835443,0.2995169082125604
2156,0.3462603878116344,0.013888888888888888,0.017917133258678615,0.6232262341778317,0.0,0.007158914710415067,0.2310704960835509,0.0176,0.7373737373737375,0.3752605976372481,0.7373737373737375,0.01188118811881188,0.4239130434782609,0.40701754385964906,0.4229957805907173,0.28502415458937197
2157,0.3476454293628809,0.013888888888888888,0.01959686450167973,0.4981732226109037,0.0,0.08569960835693717,0.22584856396866843,0.0188,0.06060606060606061,0.3891591382904795,0.06060606060606061,0.01188118811881188,0.4311594202898551,0.4140350877192982,0.41877637130801687,0.2753623188405797
2158,0.3462603878116344,0.014444444444444444,0.01847704367301232,0.6074244891155585,0.0,0.116828398128031,0.2206266318537859,0.0196,0.494949494949495,0.34607366226546216,0.5252525252525253,0.009900990099009901,0.43478260869565216,0.42105263157894735,0.40189873417721517,0.2608695652173913
2159,0.0332409972299169,0.015,0.015677491601343786,0.5406289965209768,0.0,0.027518698481970753,0.21540469973890342,0.02,0.494949494949495,0.32175121612230717,0.5252525252525253,0.007920792079207921,0.4420289855072464,0.4280701754385965,0.3987341772151899,0.25120772946859904
2160,0.1662049861495845,0.0005555555555555556,0.5083986562150057,0.0,0.9494949494949496,0.0018050456445615343,0.06527415143603134,0.0004,0.9595959595959597,0.09520500347463517,0.9595959595959597,0.0,0.06884057971014493,0.06666666666666667,0.8175105485232068,0.6956521739130435
2161,0.1689750692520776,0.0005555555555555556,0.5083986562150057,0.863145201081413,0.9292929292929294,0.00017437777767304638,0.762402088772846,0.0004,0.9393939393939394,0.09520500347463517,0.9393939393939394,0.0,0.07246376811594203,0.07017543859649122,0.8132911392405063,0.6908212560386474
2162,0.16759002770083103,0.0005555555555555556,0.5123180291153416,0.8820959671427087,0.9191919191919192,4.712912910082335e-06,0.7558746736292429,0.0004,0.9797979797979799,0.07783182765809592,0.9595959595959597,0.0,0.07246376811594203,0.07017543859649122,0.8080168776371308,0.6811594202898551
2163,0.1731301939058172,0.0005555555555555556,0.5246360582306832,0.7437382841722234,0.9797979797979799,0.0,0.7480417754569191,0.0004,0.9393939393939394,0.6872828353022934,0.9191919191919192,0.0,0.07246376811594203,0.07017543859649122,0.809071729957806,0.6763285024154589
2164,0.17451523545706374,0.0005555555555555556,0.5347144456886899,0.9168320308247901,0.9494949494949496,0.001743777776730464,0.7402088772845954,0.0004,0.9494949494949496,0.6754690757470466,0.9494949494949496,0.0,0.07608695652173914,0.0736842105263158,0.7985232067510548,0.6521739130434783
2165,0.17590027700831026,0.0005555555555555556,0.5397536394176933,0.7757197506314653,0.8989898989898991,9.42582582016467e-05,0.731070496083551,0.0004,0.9191919191919192,0.1320361362056984,0.9191919191919192,0.0,0.07608695652173914,0.07719298245614034,0.7964135021097046,0.6570048309178743
2166,0.18005540166204986,0.0005555555555555556,0.5509518477043673,0.8221676468221645,0.9393939393939394,4.712912910082335e-06,0.7232375979112272,0.0004,0.9797979797979799,0.6879777623349549,0.9595959595959597,0.0,0.07971014492753623,0.07719298245614034,0.7953586497890295,0.6570048309178743
2167,0.18144044321329642,0.0005555555555555556,0.5335946248600224,0.9649160910052881,0.9393939393939394,9.42582582016467e-06,0.7154046997389034,0.0004,0.9595959595959597,0.10423905489923559,0.9595959595959597,0.0,0.07971014492753623,0.08070175438596491,0.790084388185654,0.6521739130434783
2168,0.18144044321329642,0.0005555555555555556,0.5201567749160135,0.7741475297602876,1.0,0.0009472954949265493,0.7062663185378592,0.0004,0.9393939393939394,0.08339124391938847,0.9494949494949496,0.0,0.08333333333333333,0.08070175438596491,0.7837552742616034,0.6521739130434783
2169,0.18282548476454294,0.0005555555555555556,0.4798432250839866,0.5427199405866283,0.9393939393939394,9.42582582016467e-06,0.6984334203655354,0.0004,0.9797979797979799,0.6247394023627519,0.9292929292929294,0.0,0.08695652173913043,0.08421052631578947,0.7795358649789029,0.6473429951690821
2170,0.18559556786703602,0.0005555555555555556,0.5369540873460247,0.5039431992981601,0.6565656565656566,9.42582582016467e-06,0.6906005221932116,0.0004,0.98989898989899,0.6045865184155663,0.98989898989899,0.0,0.08695652173913043,0.08771929824561403,0.770042194092827,0.6376811594202898
2171,0.1842105263157895,0.0005555555555555556,0.4148936170212766,0.463472495641292,0.8989898989898991,5.184204201090568e-05,0.6827676240208878,0.0004,0.9696969696969697,0.5726198749131342,0.888888888888889,0.0,0.09057971014492754,0.08771929824561403,0.7594936708860759,0.6328502415458936
2172,0.1842105263157895,0.0005555555555555556,0.4053751399776036,0.39039575035429547,0.0,7.069369365123502e-05,0.6762402088772846,0.0004,0.8989898989898991,0.5649756775538569,0.8989898989898991,0.0,0.09420289855072464,0.0912280701754386,0.7542194092827004,0.6280193236714976
2173,0.18282548476454294,0.0005555555555555556,0.3885778275475924,0.2930979065291747,0.0,0.00029691351333518707,0.668407310704961,0.0004,0.9595959595959597,0.6184850590687978,0.9595959595959597,0.0,0.09420289855072464,0.09473684210526315,0.7542194092827004,0.6376811594202898
2174,0.18559556786703602,0.0005555555555555556,0.4210526315789474,0.22287435667129463,0.0,0.0001649519518528817,0.6618798955613578,0.0004,0.9393939393939394,0.4788047255038221,0.9393939393939394,0.0,0.09782608695652173,0.09473684210526315,0.7478902953586497,0.6328502415458936
2175,0.19390581717451524,0.0005555555555555556,0.41265397536394177,0.11878883555436652,0.0,0.00017909069058312874,0.6553524804177547,0.0008,0.98989898989899,0.4537873523280056,0.9595959595959597,0.0,0.09782608695652173,0.09824561403508772,0.740506329113924,0.6280193236714976
2176,0.23130193905817176,0.0,0.0,0.0,0.98989898989899,0.0,0.4751958224543081,0.0,0.9797979797979799,0.2341904100069493,0.9797979797979799,0.0,0.2028985507246377,0.2070175438596491,0.8238396624472574,0.6811594202898551
2177,0.0221606648199446,0.0,0.0,0.1513543193561654,1.0,0.0,0.45953002610966065,0.0,1.0,0.2341904100069493,1.0,0.0,0.2028985507246377,0.2070175438596491,0.8080168776371308,0.6376811594202898
2178,0.2368421052631579,0.0,0.0,0.15241879585005966,1.0,0.0,0.4503916449086162,0.0,0.98989898989899,0.24878387769284227,0.98989898989899,0.0,0.2028985507246377,0.21052631578947364,0.8037974683544303,0.6521739130434783
2179,0.23961218836565099,0.0,0.0,0.1775563987992722,1.0,0.0,0.4412532637075718,0.0,0.98989898989899,0.3335649756775539,0.98989898989899,0.0,0.2028985507246377,0.21052631578947364,0.7964135021097046,0.6521739130434783
2180,0.24376731301939059,0.0,0.5436730123180292,0.11233292594396138,1.0,0.0,0.4334203655352481,0.0,1.0,0.23488533703961084,1.0,0.0,0.2028985507246377,0.21052631578947364,0.7848101265822784,0.6425120772946861
2181,0.023545706371191136,0.0,0.3639417693169093,0.16519583706085822,1.0,0.0,0.42428198433420367,0.0,1.0,0.24947880472550382,1.0,0.0,0.20652173913043478,0.21403508771929822,0.7805907172995781,0.6376811594202898
2182,0.25069252077562326,0.0,0.2760358342665174,0.07535000040144746,1.0,0.0,0.40992167101827676,0.0,1.0,0.18346073662265464,1.0,0.0,0.20652173913043478,0.21403508771929822,0.7795358649789029,0.6376811594202898
2183,0.25346260387811637,0.0,0.3538633818589026,0.703012744586354,1.0,0.0,0.402088772845953,0.0,1.0,0.18346073662265464,1.0,0.0,0.21014492753623193,0.2175438596491228,0.7795358649789029,0.6376811594202898
2184,0.2548476454293629,0.0,0.454087346024636,0.9179890385132082,1.0,4.712912910082335e-06,0.39425587467362927,0.0,1.0,0.2293259207783183,1.0,0.0,0.21014492753623193,0.2175438596491228,0.7732067510548523,0.6328502415458936
2185,0.2548476454293629,0.0,0.454087346024636,0.010254312516268214,1.0,4.712912910082335e-05,0.03524804177545692,0.0,1.0,0.2592077831827658,1.0,0.0,0.21014492753623193,0.2175438596491228,0.7679324894514767,0.6328502415458936
2186,0.2548476454293629,0.0,0.43729003359462487,0.02150079370441714,1.0,0.0,0.027415143603133157,0.0,1.0,0.2717164697706741,1.0,0.0,0.21376811594202902,0.22105263157894736,0.751054852320675,0.5845410628019323
2187,0.2562326869806094,0.0,0.4423292273236282,0.12964639995393662,1.0,0.0,0.3681462140992167,0.0,1.0,0.28978457261987495,1.0,0.0,0.21376811594202902,0.22105263157894736,0.7542194092827004,0.5942028985507246
2188,0.2548476454293629,0.0,0.4143337066069429,0.8445122762201083,1.0,0.0,0.3616187989556136,0.0,1.0,0.3224461431549687,1.0,0.0,0.21739130434782608,0.2245614035087719,0.7521097046413502,0.5845410628019323
2189,0.2562326869806094,0.0,0.6237402015677492,0.5632897227403465,1.0,0.0,0.35378590078328986,0.0,1.0,0.2925642807505212,1.0,0.0,0.21739130434782608,0.22807017543859645,0.751054852320675,0.5845410628019323
2190,0.257617728531856,0.0,0.3756998880179171,0.6447675674804952,0.9696969696969697,0.0,0.3472584856396867,0.0,0.9696969696969697,0.3092425295343989,0.9696969696969697,0.0,0.22101449275362323,0.22807017543859645,0.7531645569620253,0.5893719806763285
2191,0.2590027700831025,0.0,0.46080627099664057,0.6027554756323867,0.98989898989899,0.0,0.3407310704960836,0.0,0.98989898989899,0.3210562890896456,0.98989898989899,0.0,0.22463768115942032,0.23157894736842102,0.0,0.5942028985507246
2192,0.5706371191135734,0.012222222222222223,0.0,0.0,0.8686868686868687,0.002860738136419977,0.3054830287206266,0.012,0.8686868686868687,0.8269631688672691,0.8686868686868687,0.007920792079207921,0.2644927536231884,0.2526315789473684,0.45464135021097046,0.45893719806763283
2193,0.6398891966759003,0.012777777777777779,0.0,0.14456719938404428,0.8383838383838385,0.004741190387542829,0.2976501305483029,0.0128,0.8383838383838385,0.8269631688672691,0.8383838383838385,0.009900990099009901,0.2681159420289855,0.25614035087719295,0.44936708860759494,0.45893719806763283
2194,0.06371191135734072,0.012777777777777779,0.0,0.132364835402794,0.9292929292929294,7.069369365123502e-05,0.29112271540469975,0.0132,0.9292929292929294,0.8054204308547603,0.9292929292929294,0.013861386138613862,0.2753623188405797,0.2631578947368421,0.4356540084388185,0.44927536231884063
2195,0.5678670360110804,0.013888888888888888,0.0,0.5465052098193683,0.9191919191919192,0.003195354953035823,0.283289817232376,0.014,0.9191919191919192,0.7810979847116053,0.9191919191919192,0.015841584158415842,0.28260869565217395,0.2701754385964912,0.4229957805907173,0.43961352657004826
2196,0.5775623268698061,0.014444444444444444,0.2110862262038074,0.054756276038412835,0.8989898989898991,0.008789582577303555,0.27676240208877284,0.0152,0.888888888888889,0.8325225851285616,0.8989898989898991,0.023762376237623763,0.28985507246376807,0.2771929824561403,0.41350210970464135,0.42995169082125606
2197,0.5858725761772854,0.015,0.21444568868980965,0.5356556896944208,0.8686868686868687,0.005132362159079662,0.27023498694516973,0.016,0.8484848484848485,0.09173036831132732,0.8686868686868687,0.0297029702970297,0.29710144927536236,0.2842105263157894,0.4050632911392405,0.42028985507246375
2198,0.5983379501385042,0.015555555555555555,0.22172452407614784,0.0499195036202686,0.8484848484848485,0.00014610030021255238,0.26370757180156656,0.016800000000000002,0.8181818181818182,0.9124391938846422,0.8484848484848485,0.031683168316831684,0.30434782608695654,0.29122807017543856,0.39556962025316456,0.4106280193236715
2199,0.6094182825484765,0.01611111111111111,0.2183650615901456,0.5388498538885226,0.7777777777777778,0.00020736816804362273,0.022193211488250653,0.0176,0.7575757575757577,0.0896455872133426,0.7777777777777778,0.03564356435643564,0.3115942028985507,0.3017543859649122,0.3871308016877637,0.40096618357487923
2200,0.060941828254847646,0.01611111111111111,0.21556550951847706,0.4564641437934136,0.6363636363636365,0.0,0.01566579634464752,0.018000000000000002,0.6363636363636365,0.07783182765809592,0.6464646464646465,0.041584158415841586,0.31884057971014496,0.30877192982456136,0.37658227848101267,0.3961352657004831
2201,0.6412742382271468,0.016666666666666666,0.2122060470324748,0.3806357019702764,0.0,0.00015552612603271705,0.24412532637075718,0.0184,0.6565656565656566,0.11674774148714386,0.6464646464646465,0.041584158415841586,0.32608695652173914,0.3157894736842105,0.36708860759493667,0.3864734299516908
2202,0.06509695290858726,0.016666666666666666,0.21388577827547595,0.4215849885823922,0.0,0.00013667447439238772,0.23759791122715407,0.0188,0.6767676767676768,0.851285615010424,0.6565656565656566,0.041584158415841586,0.33333333333333337,0.32280701754385965,0.359704641350211,0.37681159420289856
2203,0.685595567867036,0.016666666666666666,0.22284434490481525,0.3858822571098596,0.0,3.2990390370576346e-05,0.23237597911227156,0.0188,0.696969696969697,0.8102849200833913,0.6565656565656566,0.039603960396039604,0.34057971014492755,0.32982456140350874,0.350210970464135,0.36714975845410625
2204,0.07756232686980609,0.016666666666666666,0.2273236282194849,0.386785592589642,0.0,0.0027617669653082484,0.22715404699738903,0.0188,0.6666666666666667,0.812369701181376,0.7373737373737375,0.03564356435643564,0.34782608695652173,0.34035087719298246,0.339662447257384,0.35748792270531404
2205,0.7091412742382271,0.016666666666666666,0.22676371780515117,0.36651631292365666,0.0,0.0026769345329267663,0.2206266318537859,0.019200000000000002,0.5454545454545455,0.8311327310632385,0.5353535353535354,0.031683168316831684,0.35507246376811596,0.031578947368421054,0.3227848101265823,0.34782608695652173
2206,0.7174515235457064,0.016666666666666666,0.2351623740201568,0.3340203442353575,0.0,0.0030586804786434355,0.21540469973890342,0.019200000000000002,0.38383838383838387,0.822098679638638,0.38383838383838387,0.02772277227722772,0.036231884057971016,0.03859649122807018,0.31856540084388185,0.33816425120772947
2207,0.736842105263158,0.01611111111111111,0.22172452407614784,0.2042939531804981,0.0,0.016848663653544347,0.21148825065274152,0.019200000000000002,0.4646464646464647,0.9471855455177207,0.4444444444444445,0.02178217821782178,0.043478260869565216,0.045614035087719294,0.30801687763713076,0.32367149758454106
2208,0.07479224376731301,0.0,0.09966405375139979,0.0,0.9696969696969697,0.0,0.4203655352480418,0.0,0.9696969696969697,0.34190410006949273,0.9696969696969697,0.0,0.07608695652173914,0.0736842105263158,0.9746835443037976,0.7439613526570048
2209,0.07617728531855955,0.0,0.10190369540873462,0.7984822876585309,0.9696969696969697,0.0,0.4164490861618799,0.0,0.9696969696969697,0.34190410006949273,0.9696969696969697,0.0,0.07608695652173914,0.0736842105263158,0.9725738396624473,0.7439613526570048
2210,0.07756232686980609,0.0,0.10190369540873462,0.7155248575137975,0.9797979797979799,0.0006503819815913622,0.4138381201044387,0.0,0.9797979797979799,0.3148019457956915,0.9797979797979799,0.0,0.07608695652173914,0.0736842105263158,0.9704641350210971,0.7439613526570048
2211,0.08033240997229917,0.0,0.10526315789473685,0.6051845707131865,0.9797979797979799,0.00019794234222345806,0.40992167101827676,0.0,0.9797979797979799,0.29325920778318276,0.9797979797979799,0.0,0.07608695652173914,0.07017543859649122,0.9672995780590717,0.7439613526570048
2212,0.006925207756232688,0.0,0.1002239641657335,0.6390546745926449,0.9696969696969697,0.0006975111106921855,0.4060052219321149,0.0,0.9696969696969697,0.27310632383599726,0.9696969696969697,0.0,0.07246376811594203,0.07017543859649122,0.9609704641350211,0.7342995169082125
2213,0.08310249307479224,0.0,0.10246360582306832,0.4548048920042414,0.9696969696969697,0.00023564564550411675,0.402088772845953,0.0,0.9696969696969697,0.27519110493398197,0.9696969696969697,0.0,0.07246376811594203,0.07017543859649122,0.9377637130801688,0.7004830917874396
2214,0.08448753462603878,0.0,0.09630459126539755,0.4636958872810814,0.9696969696969697,7.540660656131736e-05,0.39817232375979117,0.0,0.9797979797979799,0.29673384294649063,0.9797979797979799,0.0,0.07246376811594203,0.07017543859649122,0.9356540084388185,0.6956521739130435
2215,0.08725761772853186,0.0,0.09462486002239642,0.034097577555403796,0.9797979797979799,8.483243238148202e-05,0.39425587467362927,0.0,0.9797979797979799,0.2717164697706741,0.9797979797979799,0.0,0.07246376811594203,0.07017543859649122,0.9282700421940928,0.6859903381642511
2216,0.0886426592797784,0.0,0.08902575587905937,0.3088069452078279,0.9696969696969697,7.069369365123502e-05,0.037859007832898174,0.0,0.9797979797979799,0.24044475330090342,0.9797979797979799,0.0,0.07246376811594203,0.06666666666666667,0.9208860759493671,0.6811594202898551
2217,0.09002770083102493,0.0,0.08622620380739082,0.2643739641201587,0.9595959595959597,0.0001083969969318937,0.03263707571801567,0.0,0.9595959595959597,0.25434329395413485,0.9595959595959597,0.0,0.07246376811594203,0.06666666666666667,0.8850210970464135,0.6714975845410628
2218,0.09418282548476455,0.0,0.08286674132138859,0.23606269740655308,0.9696969696969697,0.00015552612603271705,0.02872062663185379,0.0,0.9696969696969697,0.25990271021542743,0.9696969696969697,0.0,0.07246376811594203,0.06666666666666667,0.8660337552742615,0.608695652173913
2219,0.09695290858725762,0.0,0.08062709966405376,0.2045857956775567,0.9494949494949496,0.0004524396393679041,0.3772845953002611,0.0,0.9595959595959597,0.22029186935371786,0.9595959595959597,0.0,0.07246376811594203,0.06666666666666667,0.8649789029535865,0.6135265700483091
2220,0.0997229916897507,0.0,0.07950727883538634,0.22668090031095672,0.9595959595959597,0.00015552612603271705,0.37336814621409925,0.0,0.9696969696969697,0.2522585128561501,0.9696969696969697,0.0,0.07246376811594203,0.06666666666666667,0.8639240506329113,0.6135265700483091
2221,0.10110803324099724,0.0,0.12038073908174694,0.14233386043906063,0.9595959595959597,0.0009944246240273726,0.3681462140992167,0.0,0.9494949494949496,0.19735927727588604,0.9494949494949496,0.0,0.07246376811594203,0.06666666666666667,0.8628691983122362,0.608695652173913
2222,0.1038781163434903,0.0,0.11590145576707728,0.10050253649325874,0.9595959595959597,0.0019228684673135927,0.3642297650130548,0.0,0.9595959595959597,0.16469770674079223,0.9696969696969697,0.0,0.07246376811594203,0.06666666666666667,0.8649789029535865,0.6135265700483091
2223,0.10664819944598337,0.0,0.11310190369540873,0.18588963476442905,0.9797979797979799,0.0006645207203216093,0.35900783289817234,0.0,0.98989898989899,0.1883252258512856,0.98989898989899,0.0,0.07246376811594203,0.06666666666666667,0.8544303797468354,0.6038647342995169
2224,0.02493074792243767,0.0,0.5929451287793953,0.0,0.9696969696969697,4.712912910082335e-06,0.7584856396866841,0.0,0.9696969696969697,0.590687977762335,0.9696969696969697,0.0,0.03985507246376811,0.03859649122807018,0.8881856540084387,0.7246376811594203
2225,0.1551246537396122,0.0,0.5929451287793953,0.0,0.9797979797979799,0.0,0.7493472584856398,0.0,0.9797979797979799,0.590687977762335,0.9797979797979799,0.0,0.03985507246376811,0.03859649122807018,0.8871308016877637,0.7294685990338164
2226,0.15650969529085873,0.0,0.5531914893617023,0.0,0.98989898989899,0.0,0.741514360313316,0.0,0.98989898989899,0.5559416261292565,0.98989898989899,0.0,0.03985507246376811,0.042105263157894736,0.8839662447257384,0.7246376811594203
2227,0.16204986149584488,0.0,0.5660694288913773,0.0,1.0,0.0,0.7336814621409923,0.0,1.0,0.56636553161918,1.0,0.0,0.03985507246376811,0.042105263157894736,0.880801687763713,0.7246376811594203
2228,0.16759002770083103,0.0,0.5727883538633819,0.0,1.0,0.0,0.7245430809399479,0.0,1.0,0.5531619179986101,1.0,0.0,0.03985507246376811,0.042105263157894736,0.8744725738396624,0.7246376811594203
2229,0.1703601108033241,0.0,0.5666293393057112,0.0,1.0,0.0,0.7167101827676241,0.0,1.0,0.5913829047949966,1.0,0.0,0.043478260869565216,0.042105263157894736,0.8670886075949367,0.7246376811594203
2230,0.18005540166204986,0.0,0.5946248600223966,0.0,1.0,0.0,0.7088772845953003,0.0,1.0,0.6358582348853371,1.0,0.0,0.043478260869565216,0.045614035087719294,0.8649789029535865,0.7198067632850241
2231,0.18698060941828257,0.0,0.6360582306830908,0.0,1.0,0.0,0.7023498694516972,0.0,1.0,0.5698401667824878,1.0,0.0,0.043478260869565216,0.045614035087719294,0.8575949367088607,0.7149758454106281
2232,0.018005540166204984,0.0,0.591825307950728,0.0,1.0,0.0,0.6945169712793735,0.0,1.0,0.5392633773453788,1.0,0.0,0.043478260869565216,0.045614035087719294,0.8459915611814346,0.7004830917874396
2233,0.18975069252077564,0.0,0.5750279955207167,0.0,1.0,0.0,0.6879895561357704,0.0,1.0,0.5107713690062543,1.0,0.0,0.04710144927536231,0.04912280701754386,0.8364978902953587,0.6908212560386474
2234,0.19390581717451524,0.0,0.6047032474804033,0.0,1.0,0.0,0.6801566579634466,0.0,1.0,0.5142460041695622,1.0,0.0,0.04710144927536231,0.04912280701754386,0.8270042194092827,0.6763285024154589
2235,0.18975069252077564,0.0,0.561030235162374,0.0,1.0,9.42582582016467e-06,0.6736292428198435,0.0,1.0,0.5010423905489924,1.0,0.0,0.04710144927536231,0.04912280701754386,0.8185654008438819,0.6666666666666667
2236,0.19806094182825487,0.0,0.5509518477043673,0.0,1.0,4.712912910082335e-06,0.6671018276762404,0.0,0.98989898989899,0.4044475330090341,1.0,0.0,0.050724637681159424,0.052631578947368425,0.8132911392405063,0.6570048309178743
2237,0.1994459833795014,0.0,0.603023516237402,0.0,1.0,0.0,0.6605744125326372,0.0,0.98989898989899,0.3912439193884642,1.0,0.0,0.050724637681159424,0.052631578947368425,0.8048523206751055,0.6425120772946861
2238,0.1994459833795014,0.0,0.6002239641657335,0.0,1.0,0.0,0.654046997389034,0.0004,1.0,0.3822098679638638,1.0,0.0,0.050724637681159424,0.052631578947368425,0.8048523206751055,0.6425120772946861
2239,0.20221606648199447,0.0,0.6187010078387459,0.0,0.98989898989899,0.0,0.06135770234986946,0.0004,0.98989898989899,0.3822098679638638,1.0,0.0,0.05434782608695653,0.056140350877192984,0.8027426160337553,0.6280193236714976
2240,0.10110803324099724,0.0,0.5851063829787235,0.0,0.0,8.483243238148202e-05,0.06657963446475196,0.0,0.9595959595959597,0.6414176511466296,0.9595959595959597,0.0,0.04710144927536231,0.042105263157894736,0.9367088607594937,0.8357487922705314
2241,0.1038781163434903,0.0,0.5851063829787235,0.31186391570556415,0.0,0.0002450714713242814,0.7637075718015667,0.0,0.9595959595959597,0.6414176511466296,0.9595959595959597,0.0,0.04710144927536231,0.045614035087719294,0.9367088607594937,0.8502415458937199
2242,0.10664819944598337,0.0,0.5330347144456887,0.26020807258636247,0.0,4.712912910082335e-06,0.7558746736292429,0.0,0.9595959595959597,0.645587213342599,0.9595959595959597,0.0,0.04710144927536231,0.045614035087719294,0.9261603375527426,0.8115942028985508
2243,0.11080332409972299,0.0,0.6125419932810751,0.32884514504701534,0.0,9.42582582016467e-06,0.7467362924281986,0.0,0.9696969696969697,0.6511466296038916,0.9696969696969697,0.0,0.050724637681159424,0.04912280701754386,0.9251054852320675,0.8115942028985508
2244,0.1149584487534626,0.0,0.593505039193729,0.33485519830745647,0.0,0.00010368408402181136,0.7389033942558748,0.0,0.9696969696969697,0.6810284920083393,0.9696969696969697,0.0,0.05434782608695653,0.052631578947368425,0.9240506329113924,0.821256038647343
2245,0.11911357340720222,0.0,0.5772676371780516,0.3192764904000033,0.0,9.42582582016467e-06,0.731070496083551,0.0,0.9696969696969697,0.6740792216817234,0.9696969696969697,0.0,0.05434782608695653,0.052631578947368425,0.919831223628692,0.8164251207729468
2246,0.0110803324099723,0.0,0.5884658454647257,0.3511183571925592,0.0,0.0,0.7232375979112272,0.0,0.9696969696969697,0.6518415566365533,0.9696969696969697,0.0,0.057971014492753624,0.056140350877192984,0.9208860759493671,0.8164251207729468
2247,0.13157894736842107,0.0,0.6119820828667414,0.39360838422697025,0.0,0.0,0.7154046997389034,0.0,0.9797979797979799,0.5886031966643503,0.9797979797979799,0.0,0.057971014492753624,0.056140350877192984,0.9166666666666666,0.8164251207729468
2248,0.015235457063711912,0.0,0.616461366181411,0.32621071412201164,0.0,0.0,0.7075718015665797,0.0,0.9797979797979799,0.5545517720639334,0.9797979797979799,0.0,0.06159420289855072,0.05964912280701755,0.9124472573839663,0.8115942028985508
2249,0.0221606648199446,0.0,0.6858902575587906,0.027286809258933727,0.0,0.0,0.7010443864229766,0.0,0.9797979797979799,0.5851285615010424,0.9797979797979799,0.0,0.06159420289855072,0.06315789473684211,0.9050632911392404,0.8067632850241545
2250,0.018005540166204984,0.0,0.6231802911534156,0.2507852704244065,0.0,0.0,0.6932114882506528,0.0,0.9595959595959597,0.590687977762335,0.9595959595959597,0.0,0.06521739130434782,0.06666666666666667,0.8997890295358649,0.7874396135265701
2251,0.1551246537396122,0.0,0.5593505039193729,0.23576759062278452,0.0,0.0,0.6853785900783291,0.0,0.9494949494949496,0.5886031966643503,0.9494949494949496,0.0,0.06884057971014493,0.06666666666666667,0.8966244725738396,0.8019323671497585
2252,0.16343490304709143,0.0,0.6478163493840986,0.20366129326821086,0.0,0.0,0.6775456919060053,0.0,0.9595959595959597,0.6094510076441974,0.9595959595959597,0.0,0.06884057971014493,0.07017543859649122,0.8892405063291139,0.7777777777777778
2253,0.16066481994459836,0.0,0.5195968645016797,0.16201469766020685,0.0,0.0,0.6697127937336815,0.0,0.9393939393939394,0.5990271021542738,0.9393939393939394,0.0,0.07246376811594203,0.0736842105263158,0.880801687763713,0.7536231884057971
2254,0.1703601108033241,0.0,0.6041433370660695,0.1966270973726115,0.0,0.0,0.6631853785900784,0.0,0.9393939393939394,0.595552466990966,0.9292929292929294,0.0,0.07608695652173914,0.0736842105263158,0.8691983122362869,0.7101449275362318
2255,0.16759002770083103,0.0,0.6657334826427772,0.16171424535528547,0.0,0.0,0.6553524804177547,0.0,0.9393939393939394,0.5740097289784573,0.9191919191919192,0.0,0.07608695652173914,0.07719298245614034,0.8628691983122362,0.7053140096618358
2256,0.24376731301939059,0.0,0.0,0.0,0.98989898989899,0.0,0.05874673629242821,0.0,1.0,0.3822098679638638,0.98989898989899,0.0,0.036231884057971016,0.03859649122807018,0.5421940928270043,0.46376811594202894
2257,0.25207756232686984,0.0,0.0,0.37245850910668116,0.888888888888889,0.0,0.6357702349869453,0.0,0.9494949494949496,0.3822098679638638,0.888888888888889,0.0,0.036231884057971016,0.03859649122807018,0.540084388185654,0.46376811594202894
2258,0.25069252077562326,0.0,0.0,0.24774168291120582,0.9494949494949496,0.0,0.6253263707571802,0.0,1.0,0.3766504517025712,0.9494949494949496,0.0,0.036231884057971016,0.03859649122807018,0.5369198312236287,0.45893719806763283
2259,0.25346260387811637,0.0,0.0,0.24835906931923116,1.0,0.0,0.6148825065274153,0.0,1.0,0.3808200138985407,1.0,0.0,0.03985507246376811,0.03859649122807018,0.5327004219409283,0.45410628019323673
2260,0.2562326869806094,0.0,0.054871220604703244,0.23004837349871055,1.0,0.0,0.6031331592689296,0.0,1.0,0.4030576789437109,1.0,0.0,0.03985507246376811,0.03859649122807018,0.5242616033755274,0.45410628019323673
2261,0.2590027700831025,0.0,0.061030235162374026,0.02956959500077927,0.09090909090909091,0.0,0.5926892950391646,0.0,0.9494949494949496,0.5191104933981932,0.09090909090909091,0.0,0.03985507246376811,0.03859649122807018,0.5189873417721519,0.44927536231884063
2262,0.26454293628808867,0.0,0.0671892497200448,0.24480161422426497,0.9292929292929294,0.0,0.5809399477806789,0.0,0.98989898989899,0.5503822098679639,0.9292929292929294,0.0,0.03985507246376811,0.03859649122807018,0.5210970464135021,0.44927536231884063
2263,0.2659279778393352,0.0,0.060470324748040316,0.19781936244258788,0.8989898989898991,0.0,0.570496083550914,0.0,0.9494949494949496,0.41487143849895763,0.8989898989898991,0.0,0.03985507246376811,0.03859649122807018,0.5158227848101266,0.4444444444444444
2264,0.0013850415512465374,0.0,0.04703247480403135,0.28949123992561815,0.09090909090909091,0.0,0.5587467362924282,0.0,0.9393939393939394,0.4461431549687283,0.09090909090909091,0.0,0.03985507246376811,0.03859649122807018,0.5084388185654009,0.43478260869565216
2265,0.0013850415512465374,0.0,0.054871220604703244,0.24088262352501613,1.0,0.0,0.5483028720626633,0.0,1.0,0.462821403752606,1.0,0.0,0.043478260869565216,0.042105263157894736,0.4957805907172996,0.4057971014492754
2266,0.03185595567867036,0.0,0.04983202687569989,0.2535339761250851,0.8383838383838385,0.0,0.5365535248041776,0.0,0.09090909090909091,0.5441278665740098,0.8989898989898991,0.0,0.043478260869565216,0.042105263157894736,0.49050632911392406,0.40096618357487923
2267,0.038781163434903045,0.0,0.06550951847704367,0.1958491309762763,0.8181818181818182,0.0,0.5261096605744126,0.0,0.8989898989898991,0.3919388464211258,0.09090909090909091,0.0,0.043478260869565216,0.042105263157894736,0.48417721518987344,0.3913043478260869
2268,0.296398891966759,0.0,0.06550951847704367,0.16859527289321155,0.797979797979798,0.0,0.04438642297650131,0.0,0.8484848484848485,0.41695621959694235,0.8484848484848485,0.0,0.043478260869565216,0.042105263157894736,0.4778481012658228,0.3864734299516908
2269,0.029085872576177285,0.0,0.05991041433370661,0.1565431234953307,0.7575757575757577,0.0,0.503916449086162,0.0,0.787878787878788,0.47949965253648374,0.787878787878788,0.0,0.04710144927536231,0.045614035087719294,0.4704641350210971,0.3526570048309179
2270,0.31301939058171746,0.0,0.03863381858902575,0.32564885875103156,0.8383838383838385,0.0,0.49216710182767626,0.0,0.888888888888889,0.44753300903405147,0.8484848484848485,0.0,0.04710144927536231,0.045614035087719294,0.46624472573839665,0.3188405797101449
2271,0.32409972299168976,0.0,0.03919372900335946,0.04256284429710114,0.8181818181818182,0.0,0.48172323759791125,0.0,0.888888888888889,0.31688672689367614,0.8686868686868687,0.0,0.04710144927536231,0.045614035087719294,0.479957805907173,0.34782608695652173
2272,0.45290858725761773,0.023333333333333334,0.41265397536394177,0.0,0.7575757575757577,8.011951947139969e-05,0.654046997389034,0.020800000000000003,0.7575757575757577,0.41306054897778605,0.7575757575757577,0.06930693069306931,0.1557971014492754,0.18245614035087718,0.7014767932489452,0.6280193236714976
2273,0.47922437673130197,0.023333333333333334,0.41265397536394177,0.923574809925823,0.08080808080808081,0.0003110522520654341,0.05613577023498694,0.020800000000000003,0.7777777777777778,0.6115357887421822,0.7777777777777778,0.0712871287128713,0.1739130434782609,0.20350877192982456,0.6962025316455697,0.6280193236714976
2274,0.5124653739612188,0.02388888888888889,0.41041433370660696,0.980208063242944,0.07070707070707072,0.00011782282275205837,0.633159268929504,0.0216,0.7373737373737375,0.610145934676859,0.7373737373737375,0.08712871287128712,0.1920289855072464,0.2245614035087719,0.6877637130801688,0.6183574879227054
2275,0.06509695290858726,0.02388888888888889,0.41265397536394177,0.10917564491427688,0.686868686868687,0.00015081321312263471,0.6227154046997391,0.0224,0.6565656565656566,0.6108408617095205,0.6565656565656566,0.1485148514851485,0.21376811594202902,0.2526315789473684,0.679324894514768,0.6183574879227054
2276,0.5706371191135734,0.02388888888888889,0.41265397536394177,0.01239578897021929,0.7676767676767677,0.0004335879877275748,0.612271540469974,0.023200000000000002,0.696969696969697,0.5983321751216122,0.696969696969697,0.16633663366336635,0.2355072463768116,0.2771929824561403,0.6729957805907173,0.6183574879227054
2277,0.5914127423822715,0.02388888888888889,0.40705487122060474,0.10406028296906016,0.7171717171717172,0.058906698463119106,0.6031331592689296,0.024800000000000003,0.7272727272727273,0.590687977762335,0.7272727272727273,0.21584158415841584,0.2608695652173913,0.30877192982456136,0.6645569620253164,0.6183574879227054
2278,0.6204986149584487,0.025555555555555557,0.4249720044792833,0.7838922896152508,0.7474747474747475,0.027603530914352234,0.5926892950391646,0.028,0.7575757575757577,0.5830437804030577,0.7676767676767677,0.37425742574257426,0.28985507246376807,0.34035087719298246,0.6561181434599156,0.6183574879227054
2279,0.6537396121883656,0.027777777777777776,0.45800671892497197,0.7813229776492342,0.7676767676767677,0.00018380360349321107,0.5835509138381202,0.030000000000000002,0.7777777777777778,0.5385684503127172,0.797979797979798,0.4633663366336634,0.31884057971014496,0.056140350877192984,0.6497890295358649,0.6231884057971014
2280,0.6717451523545707,0.028333333333333332,0.47424412094064955,0.08068214918724625,0.8383838383838385,0.00014610030021255238,0.5744125326370758,0.0316,0.797979797979798,0.5232800555941627,0.8282828282828284,0.5207920792079208,0.34782608695652173,0.40701754385964906,0.6455696202531646,0.6231884057971014
2281,0.685595567867036,0.03,0.4753639417693169,0.7333356774415692,0.8383838383838385,0.0003817459457166691,0.5652741514360314,0.0328,0.797979797979798,0.5260597637248089,0.8282828282828284,0.5544554455445545,0.05434782608695653,0.4456140350877193,0.6424050632911392,0.6231884057971014
2282,0.6883656509695291,0.030555555555555555,0.4860022396416573,0.7104895430625631,0.797979797979798,0.002898441439700636,0.5561357702349871,0.033600000000000005,0.7575757575757577,0.5399583043780403,0.797979797979798,0.5821782178217821,0.41666666666666663,0.4842105263157894,0.6424050632911392,0.6231884057971014
2283,0.6869806094182825,0.030555555555555555,0.3891377379619261,0.06230719993602916,0.7676767676767677,0.003911717715368338,0.5469973890339427,0.0332,0.7373737373737375,0.5510771369006254,0.7474747474747475,0.5861386138613861,0.4528985507246377,0.5228070175438596,0.6445147679324894,0.6231884057971014
2284,0.6703601108033241,0.030555555555555555,0.38745800671892494,0.5200145034855809,0.7171717171717172,0.0011499507500600896,0.5378590078328983,0.0328,0.07070707070707072,0.5740097289784573,0.696969696969697,0.5702970297029702,0.4855072463768116,0.5614035087719298,0.6466244725738397,0.6231884057971014
2285,0.6343490304709142,0.03,0.39361702127659576,0.3471043906646633,0.7272727272727273,0.004915568165215875,0.5300261096605745,0.0316,0.07070707070707072,0.6184850590687978,0.07070707070707072,0.5247524752475248,0.5217391304347826,0.5964912280701754,0.6540084388185654,0.6231884057971014
2286,0.592797783933518,0.028888888888888888,0.41265397536394177,0.3658623164018009,0.7272727272727273,0.005495256453156003,0.05091383812010445,0.0304,0.7171717171717172,0.5774843641417652,0.7171717171717172,0.47326732673267324,0.5543478260869565,0.631578947368421,0.6635021097046413,0.6280193236714976
2287,0.5484764542936288,0.028333333333333332,0.4081746920492721,0.46039783014335317,0.7373737373737375,0.006876139935810126,0.04046997389033942,0.0292,0.7171717171717172,0.6045865184155663,0.7373737373737375,0.41980198019801984,0.5869565217391305,0.6666666666666666,0.669831223628692,0.6280193236714976
2288,0.07617728531855955,0.0005555555555555556,0.0,0.0,0.9797979797979799,0.0005419849846594685,0.8563968668407311,0.0004,0.9797979797979799,0.6462821403752607,0.9797979797979799,0.0,0.018115942028985504,0.014035087719298244,0.930379746835443,0.8550724637681159
2289,0.07894736842105263,0.0005555555555555556,0.0,0.4305953288016714,0.9696969696969697,0.0007257885881526796,0.8485639686684074,0.0004,0.9797979797979799,0.6462821403752607,0.9797979797979799,0.0,0.018115942028985504,0.014035087719298244,0.9251054852320675,0.8502415458937199
2290,0.006925207756232688,0.0005555555555555556,0.5173572228443449,0.04243807700672993,0.9595959595959597,0.0006173915912207859,0.8407310704960838,0.0008,0.9696969696969697,0.6323835997220292,0.9696969696969697,0.0,0.018115942028985504,0.014035087719298244,0.9219409282700421,0.8454106280193237
2291,0.08310249307479224,0.0005555555555555556,0.522956326987682,0.4262816171358176,0.9696969696969697,0.005674347143739131,0.8328981723237598,0.0008,0.9797979797979799,0.6525364836692148,0.9797979797979799,0.0,0.018115942028985504,0.014035087719298244,0.9187763713080169,0.8309178743961352
2292,0.08587257617728532,0.0005555555555555556,0.538073908174692,0.004881874845949599,0.9797979797979799,0.017918494884133038,0.8237597911227155,0.0008,0.9797979797979799,0.6587908269631689,0.9797979797979799,0.0,0.018115942028985504,0.014035087719298244,0.9145569620253164,0.8164251207729468
2293,0.08725761772853186,0.0005555555555555556,0.5470324748040314,0.5796983325478486,0.9797979797979799,0.001423299698844865,0.8159268929503918,0.0008,0.9797979797979799,0.6643502432244615,0.9797979797979799,0.0,0.018115942028985504,0.014035087719298244,0.9071729957805907,0.7922705314009661
2294,0.09002770083102493,0.0011111111111111111,0.5587905935050392,0.5055596779032335,0.9696969696969697,0.00019322942931337573,0.808093994778068,0.0008,0.9696969696969697,0.6615705350938151,0.9696969696969697,0.0,0.018115942028985504,0.014035087719298244,0.9050632911392404,0.7874396135265701
2295,0.008310249307479223,0.0011111111111111111,0.5727883538633819,0.5605785843330313,0.9797979797979799,0.0013997351342944534,0.8002610966057442,0.0008,0.9797979797979799,0.6115357887421822,0.9797979797979799,0.0,0.018115942028985504,0.014035087719298244,0.9008438818565401,0.7777777777777778
2296,0.09833795013850416,0.0011111111111111111,0.6181410974244123,0.5117772334829852,0.9696969696969697,0.0012583477469919834,0.7924281984334205,0.0008,0.9696969696969697,0.580958999305073,0.9696969696969697,0.0,0.018115942028985504,0.014035087719298244,0.8955696202531646,0.7729468599033816
2297,0.0997229916897507,0.0011111111111111111,0.6634938409854424,0.4467762686092553,0.9797979797979799,0.001706074473449805,0.7845953002610967,0.0008,0.98989898989899,0.5719249478804727,0.98989898989899,0.0,0.018115942028985504,0.014035087719298244,0.890295358649789,0.7681159420289855
2298,0.10526315789473684,0.0011111111111111111,0.6668533034714447,0.40611777165681096,0.9696969696969697,0.00010368408402181136,0.07180156657963448,0.0008,0.9696969696969697,0.5642807505211953,0.9696969696969697,0.0,0.018115942028985504,0.014035087719298244,0.8829113924050632,0.7632850241545894
2299,0.10803324099722991,0.0011111111111111111,0.6690929451287795,0.3721511314736172,0.9797979797979799,0.0001225357356621407,0.7689295039164492,0.0008,0.9797979797979799,0.590687977762335,0.9797979797979799,0.0,0.018115942028985504,0.014035087719298244,0.8786919831223629,0.7536231884057971
2300,0.11357340720221606,0.0011111111111111111,0.6763717805151176,0.32103175683206864,0.8181818181818182,0.0012065057049810777,0.7610966057441254,0.0008,1.0,0.5552466990965949,0.98989898989899,0.0,0.018115942028985504,0.014035087719298244,0.8755274261603375,0.7536231884057971
2301,0.11357340720221606,0.0011111111111111111,0.6858902575587906,0.22873175442035887,0.8282828282828284,0.00031576516497551645,0.7545691906005223,0.0008,0.98989898989899,0.5038220986796387,0.98989898989899,0.0,0.018115942028985504,0.014035087719298244,0.8734177215189873,0.7584541062801932
2302,0.1149584487534626,0.0011111111111111111,0.551511758118701,0.20475486156926276,0.8383838383838385,0.0,0.7467362924281986,0.0008,0.9595959595959597,0.5031271716469771,0.9696969696969697,0.0,0.018115942028985504,0.014035087719298244,0.870253164556962,0.7584541062801932
2303,0.11772853185595568,0.0011111111111111111,0.6220604703247481,0.19375955647066606,0.7777777777777778,0.0007163627623325149,0.7389033942558748,0.0008,0.9595959595959597,0.5010423905489924,0.9595959595959597,0.0,0.018115942028985504,0.014035087719298244,0.8649789029535865,0.7584541062801932
2304,0.18975069252077564,0.0016666666666666666,0.13213885778275478,0.0,1.0,0.007389847443009101,0.2924281984334204,0.0012000000000000001,1.0,0.2432244614315497,1.0,0.0,0.5434782608695652,0.5228070175438596,0.8059071729957806,0.6763285024154589
2305,0.19390581717451524,0.0016666666666666666,0.13213885778275478,0.04280145905801038,1.0,0.007945971166398816,0.283289817232376,0.0012000000000000001,1.0,0.2432244614315497,1.0,0.0,0.5471014492753623,0.5228070175438596,0.8016877637130801,0.6763285024154589
2306,0.1952908587257618,0.0016666666666666666,0.1427771556550952,0.4168933141041574,1.0,0.00993010750154348,0.27284595300261094,0.0012000000000000001,1.0,0.25573314801945796,1.0,0.0,0.5471014492753623,0.5263157894736842,0.7985232067510548,0.6666666666666667
2307,0.19667590027700832,0.0016666666666666666,0.15621500559910415,0.20803102287459563,1.0,0.00024035855841419908,0.26370757180156656,0.0016,1.0,0.22307157748436415,1.0,0.0,0.5507246376811594,0.5298245614035088,0.7932489451476793,0.6618357487922705
2308,0.19390581717451524,0.0016666666666666666,0.1690929451287794,0.2086745904867157,1.0,0.0002827747746049401,0.0195822454308094,0.0016,1.0,0.22793606671299513,1.0,0.0,0.5507246376811594,0.5333333333333333,0.7869198312236287,0.6570048309178743
2309,0.18975069252077564,0.0016666666666666666,0.12877939529675253,0.1920436684206137,1.0,0.00037232011989650444,0.2454308093994778,0.0016,1.0,0.2383599722029187,1.0,0.0,0.5507246376811594,0.5333333333333333,0.7795358649789029,0.6521739130434783
2310,0.25207756232686984,0.0022222222222222222,0.11422172452407615,0.13413056049368693,0.9797979797979799,9.897117111172903e-05,0.23759791122715407,0.0016,0.9797979797979799,0.2341904100069493,0.9797979797979799,0.0,0.5507246376811594,0.5368421052631579,0.7753164556962026,0.6473429951690821
2311,0.2368421052631579,0.0022222222222222222,0.1170212765957447,0.17843689008167202,0.98989898989899,0.00015552612603271705,0.22845953002610966,0.0016,0.98989898989899,0.23905489923558026,0.98989898989899,0.0,0.5543478260869565,0.5368421052631579,0.7710970464135021,0.6425120772946861
2312,0.20083102493074795,0.0022222222222222222,0.12765957446808512,0.12784872584092394,0.98989898989899,0.00020736816804362273,0.2206266318537859,0.002,0.98989898989899,0.26129256428075054,0.98989898989899,0.0,0.5543478260869565,0.5403508771929824,0.7647679324894514,0.6376811594202898
2313,0.1994459833795014,0.0022222222222222222,0.1091825307950728,0.12044593058446543,0.98989898989899,0.0,0.21148825065274152,0.002,0.98989898989899,0.31966643502432246,0.98989898989899,0.0,0.5543478260869565,0.5403508771929824,0.7573839662447257,0.6328502415458936
2314,0.18975069252077564,0.0022222222222222222,0.1097424412094065,0.9792797087769531,1.0,1.4138738730247004e-05,0.20365535248041777,0.002,1.0,0.31966643502432246,1.0,0.0,0.5543478260869565,0.5403508771929824,0.751054852320675,0.6231884057971014
2315,0.27146814404432135,0.003333333333333333,0.08678611422172454,0.15378800701561593,0.6262626262626263,0.0001649519518528817,0.19712793733681463,0.004,0.9797979797979799,0.29742876997915224,0.9797979797979799,0.0,0.5543478260869565,0.5403508771929824,0.7436708860759493,0.6183574879227054
2316,0.20083102493074795,0.002777777777777778,0.09406494960806272,0.0725478074363472,0.32323232323232326,0.0003063393391553518,0.1906005221932115,0.002,0.98989898989899,0.2744961779013204,1.0,0.0,0.5543478260869565,0.5403508771929824,0.7352320675105485,0.6135265700483091
2317,0.20498614958448755,0.002777777777777778,0.09014557670772678,0.5973453036931624,0.0,0.0006550948945014445,0.18407310704960836,0.002,0.98989898989899,0.27032661570535094,0.98989898989899,0.0,0.5543478260869565,0.5438596491228069,0.7373417721518987,0.608695652173913
2318,0.02077562326869806,0.002777777777777778,0.093505039193729,0.5370140416401458,0.0,0.0014562900892154415,0.17754569190600522,0.0024000000000000002,0.98989898989899,0.2647671994440584,0.98989898989899,0.0,0.5543478260869565,0.5438596491228069,0.7236286919831224,0.6038647342995169
2319,0.2409972299168975,0.002777777777777778,0.08062709966405376,0.0605909684191896,0.0,0.07789031166493075,0.17101827676240208,0.0024000000000000002,1.0,0.2619874913134121,1.0,0.0,0.5507246376811594,0.5403508771929824,0.7141350210970464,0.5990338164251208
2320,0.24238227146814406,0.0,0.35330347144456886,0.0,0.8989898989898991,0.0,0.7480417754569191,0.0,0.8989898989898991,0.3954134815844337,0.8989898989898991,0.005940594059405941,0.12318840579710146,0.11929824561403508,0.7626582278481012,0.6135265700483091
2321,0.24515235457063714,0.0,0.35330347144456886,0.11343043404645432,0.8585858585858587,0.0,0.7402088772845954,0.0,0.8585858585858587,0.3954134815844337,0.8585858585858587,0.005940594059405941,0.12318840579710146,0.11929824561403508,0.7616033755274262,0.6135265700483091
2322,0.24653739612188366,0.0,0.33650615901455766,0.11248291545591907,0.8686868686868687,0.0,0.731070496083551,0.0,0.8686868686868687,0.4141765114662961,0.8686868686868687,0.005940594059405941,0.12318840579710146,0.11929824561403508,0.7584388185654009,0.6135265700483091
2323,0.24515235457063714,0.0,0.3202687569988802,0.1170255244470174,0.8484848484848485,0.0,0.7219321148825066,0.0,0.8484848484848485,0.47949965253648374,0.8484848484848485,0.015841584158415842,0.12318840579710146,0.11578947368421053,0.7468354430379747,0.6135265700483091
2324,0.257617728531856,0.0,0.3152295632698768,0.9907613052511951,0.8686868686868687,0.0,0.7114882506527416,0.0,0.8686868686868687,0.4120917303683113,0.8686868686868687,0.0,0.12318840579710146,0.11578947368421053,0.7426160337552742,0.6038647342995169
2325,0.02493074792243767,0.0,0.29395296752519595,0.9924472691205111,0.8686868686868687,0.0,0.7023498694516972,0.0,0.9696969696969697,0.40375260597637247,0.9696969696969697,0.007920792079207921,0.12318840579710146,0.11578947368421053,0.7383966244725738,0.5942028985507246
2326,0.2700831024930748,0.0,0.2866741321388578,0.8865369355069426,0.8787878787878789,0.0,0.6932114882506528,0.0,0.8585858585858587,0.4266851980542043,0.8787878787878789,0.009900990099009901,0.12318840579710146,0.11578947368421053,0.7341772151898733,0.5845410628019323
2327,0.2700831024930748,0.0,0.2760358342665174,0.816783451549508,0.8484848484848485,0.0,0.6827676240208878,0.0,0.8585858585858587,0.41139680333564976,0.8585858585858587,0.02178217821782178,0.12318840579710146,0.11578947368421053,0.7289029535864978,0.5748792270531401
2328,0.029085872576177285,0.0,0.26371780515117577,0.6861622098164443,0.8484848484848485,0.0,0.6736292428198435,0.0,0.8484848484848485,0.41139680333564976,0.8484848484848485,0.013861386138613862,0.12318840579710146,0.11578947368421053,0.7215189873417722,0.5652173913043478
2329,0.2742382271468144,0.0,0.25251959686450165,0.007292050105352808,0.8484848484848485,0.0,0.6631853785900784,0.0,0.8484848484848485,0.4322446143154969,0.8484848484848485,0.009900990099009901,0.12318840579710146,0.11578947368421053,0.7151898734177216,0.5555555555555556
2330,0.0332409972299169,0.0,0.24972004479283313,0.41961310428859283,0.8383838383838385,0.0,0.654046997389034,0.0,0.8484848484848485,0.47116052814454484,0.8383838383838385,0.009900990099009901,0.12318840579710146,0.11578947368421053,0.7088607594936709,0.5458937198067633
2331,0.2950138504155125,0.0,0.2541993281075028,0.0423957280226439,0.0,0.0,0.057441253263707574,0.0,0.8484848484848485,0.47810979847116053,0.8585858585858587,0.015841584158415842,0.12318840579710146,0.11929824561403508,0.0,0.536231884057971
2332,0.3074792243767313,0.0,0.2530795072788354,0.03241970654087719,0.0,0.0,0.6357702349869453,0.0,0.7474747474747475,0.46004169562195973,0.7575757575757577,0.017821782178217824,0.12318840579710146,0.11929824561403508,0.0,0.5265700483091788
2333,0.30470914127423826,0.0,0.24636058230683094,0.2511256436065639,0.0,0.0,0.6266318537859009,0.0,0.7474747474747475,0.4961779013203614,0.7373737373737375,0.0297029702970297,0.12318840579710146,0.11929824561403508,0.0,0.5314009661835749
2334,0.30193905817174516,0.0,0.23628219484882423,0.19152956555057668,0.0,0.0,0.6174934725848564,0.0,0.6565656565656566,0.5823488533703962,0.686868686868687,0.033663366336633666,0.12681159420289856,0.11929824561403508,0.0,0.5314009661835749
2335,0.30886426592797783,0.0,0.23964165733482645,0.26862708429823623,0.0,0.0,0.6083550913838122,0.0,0.07070707070707072,0.6706045865184156,0.7171717171717172,0.005940594059405941,0.12681159420289856,0.12280701754385966,0.0,0.536231884057971
2336,0.5152354570637119,0.0011111111111111111,0.0,0.0,0.09090909090909091,0.0,0.4086161879895561,0.0012000000000000001,0.8484848484848485,0.6428075052119527,0.09090909090909091,0.1386138613861386,0.14130434782608697,0.14035087719298242,0.5706751054852321,0.5507246376811594
2337,0.5277008310249308,0.0011111111111111111,0.0,0.5753389316859073,0.98989898989899,0.0,0.402088772845953,0.0012000000000000001,0.98989898989899,0.6428075052119527,0.98989898989899,0.14257425742574256,0.15217391304347827,0.14736842105263157,0.5706751054852321,0.5507246376811594
2338,0.5429362880886427,0.0011111111111111111,0.0,0.7101275137435548,0.98989898989899,0.0,0.39425587467362927,0.0012000000000000001,0.98989898989899,0.6712995135510772,0.98989898989899,0.19207920792079208,0.15942028985507248,0.15789473684210523,0.5685654008438819,0.5507246376811594
2339,0.5692520775623269,0.0011111111111111111,0.0,0.7214238830568434,0.9595959595959597,0.0,0.03524804177545692,0.0012000000000000001,0.9292929292929294,0.6087560806115359,0.9595959595959597,0.2396039603960396,0.17028985507246377,0.16842105263157894,0.5632911392405063,0.5458937198067633
2340,0.6052631578947368,0.0011111111111111111,0.29059350503919373,0.7369251681014677,0.9191919191919192,0.0,0.02872062663185379,0.0012000000000000001,0.8585858585858587,0.5983321751216122,0.9191919191919192,0.3089108910891089,0.18115942028985507,0.1789473684210526,0.5548523206751055,0.5410628019323671
2341,0.6343490304709142,0.0011111111111111111,0.2754759238521836,0.5703081758572897,0.8989898989898991,0.0014751417408557707,0.37467362924281983,0.0016,0.8989898989898991,0.5886031966643503,0.8989898989898991,0.4257425742574258,0.1920289855072464,0.19298245614035084,0.5516877637130801,0.5314009661835749
2342,0.062326869806094184,0.0016666666666666666,0.27379619260918253,0.04769515861704357,0.888888888888889,0.0001225357356621407,0.36945169712793735,0.0016,0.8989898989898991,0.5879082696316887,0.888888888888889,0.6653465346534654,0.20652173913043478,0.20350877192982456,0.5474683544303798,0.5217391304347826
2343,0.6592797783933518,0.0016666666666666666,0.2721164613661814,0.41368897021156714,0.09090909090909091,4.712912910082335e-06,0.3642297650130548,0.0016,0.8989898989898991,0.5691452397498262,0.888888888888889,0.7940594059405941,0.21739130434782608,0.2175438596491228,0.5421940928270043,0.5120772946859903
2344,0.06925207756232687,0.0016666666666666666,0.3101903695408734,0.043438181374056375,0.9292929292929294,0.0,0.35900783289817234,0.0016,0.888888888888889,0.521195274496178,0.8787878787878789,0.803960396039604,0.23188405797101452,0.23157894736842102,0.5358649789029536,0.5072463768115942
2345,0.7797783933518005,0.0016666666666666666,0.3090705487122061,0.4378027036763735,0.9393939393939394,0.0,0.35509138381201044,0.0016,0.888888888888889,0.47324530924252955,0.8787878787878789,0.8633663366336635,0.2463768115942029,0.24561403508771926,0.5295358649789029,0.4782608695652174
2346,0.08587257617728532,0.0016666666666666666,0.28387458006718924,0.37278030753687386,0.9595959595959597,0.0,0.34986945169712796,0.0016,0.888888888888889,0.472550382209868,0.8686868686868687,0.9702970297029704,0.2608695652173913,0.2596491228070175,0.5221518987341772,0.4685990338164251
2347,0.09418282548476455,0.0016666666666666666,0.32306830907054873,0.3750045971486922,0.9393939393939394,0.0,0.34464751958224543,0.0016,0.888888888888889,0.4086170952050035,0.8686868686868687,0.994059405940594,0.2753623188405797,0.27368421052631575,0.5189873417721519,0.45410628019323673
2348,0.006925207756232688,0.0016666666666666666,0.31578947368421056,0.2823784268964102,0.09090909090909091,0.0016495195185288172,0.3407310704960836,0.0016,0.8787878787878789,0.3968033356497568,0.8585858585858587,1.0,0.2934782608695652,0.29122807017543856,0.520042194092827,0.43961352657004826
2349,0.8116343490304709,0.0016666666666666666,0.3085106382978723,0.1312587294121081,0.888888888888889,0.00017437777767304638,0.33550913838120106,0.0016,0.8787878787878789,0.3585823488533704,0.8585858585858587,0.9861386138613861,0.3079710144927536,0.30526315789473685,0.5295358649789029,0.4444444444444444
2350,0.7853185595567868,0.0016666666666666666,0.3756998880179171,0.1438571239209945,0.8686868686868687,0.00023093273259403442,0.3302872062663186,0.0016,0.8787878787878789,0.3551077136900626,0.8484848484848485,0.9643564356435643,0.322463768115942,0.319298245614035,0.5337552742616034,0.44927536231884063
2351,0.7409972299168975,0.0016666666666666666,0.4020156774916014,0.25258514657120457,0.8383838383838385,4.712912910082335e-05,0.32506527415143605,0.0016,0.8787878787878789,0.3655316191799861,0.8484848484848485,0.9168316831683168,0.33695652173913043,0.3333333333333333,0.5443037974683544,0.45410628019323673
2352,0.07202216066481995,0.0,0.4081746920492721,0.0,0.6767676767676768,0.00010368408402181136,0.7637075718015667,0.0,0.98989898989899,0.8290479499652537,0.98989898989899,0.0,0.050724637681159424,0.045614035087719294,0.9588607594936709,0.7681159420289855
2353,0.07340720221606647,0.0,0.4081746920492721,0.11441003918605563,0.6767676767676768,0.0001225357356621407,0.7571801566579636,0.0,0.98989898989899,0.8290479499652537,0.98989898989899,0.0,0.050724637681159424,0.042105263157894736,0.9556962025316456,0.7632850241545894
2354,0.07756232686980609,0.0,0.4081746920492721,0.12146707707540115,0.6767676767676768,0.00024035855841419908,0.7506527415143605,0.0,0.98989898989899,0.8318276580959,0.98989898989899,0.0,0.04710144927536231,0.042105263157894736,0.9535864978902954,0.7632850241545894
2355,0.07756232686980609,0.0,0.4137737961926092,0.10965117853753185,0.5353535353535354,0.00014138738730247005,0.7454308093994779,0.0,0.98989898989899,0.8200138985406533,0.98989898989899,0.0,0.04710144927536231,0.042105263157894736,0.9525316455696202,0.7632850241545894
2356,0.07894736842105263,0.0,0.4137737961926092,0.011496638797009294,0.42424242424242425,0.0001225357356621407,0.7402088772845954,0.0,0.98989898989899,0.8130646282140376,0.98989898989899,0.0,0.04710144927536231,0.042105263157894736,0.95042194092827,0.7729468599033816
2357,0.07894736842105263,0.0,0.40257558790593506,0.7795341301017767,0.0,2.8277477460494007e-05,0.7349869451697129,0.0,0.98989898989899,0.6580958999305074,0.98989898989899,0.0,0.043478260869565216,0.042105263157894736,0.9440928270042194,0.7632850241545894
2358,0.08448753462603878,0.0,0.4081746920492721,0.6832345310753313,0.0,1.4138738730247004e-05,0.7297650130548303,0.0,0.98989898989899,0.6907574704656011,0.98989898989899,0.0,0.043478260869565216,0.042105263157894736,0.9472573839662447,0.7632850241545894
2359,0.08448753462603878,0.0,0.38577827547592386,0.811898879753064,0.0,0.00011782282275205837,0.7245430809399479,0.0,0.98989898989899,0.6414176511466296,0.98989898989899,0.0,0.043478260869565216,0.042105263157894736,0.9462025316455697,0.7584541062801932
2360,0.08587257617728532,0.0,0.38577827547592386,0.7605942911723806,0.0,4.712912910082335e-06,0.7193211488250654,0.0,0.98989898989899,0.6198749131341209,0.98989898989899,0.0,0.043478260869565216,0.042105263157894736,0.9440928270042194,0.7632850241545894
2361,0.08725761772853186,0.0,0.36338185890257557,0.638004445710089,0.0,8.954534529156437e-05,0.714099216710183,0.0,0.98989898989899,0.6219596942321056,0.98989898989899,0.0,0.043478260869565216,0.042105263157894736,0.9409282700421941,0.7681159420289855
2362,0.09002770083102493,0.0,0.36338185890257557,0.6000294058854481,0.0,6.126786783107035e-05,0.7088772845953003,0.0,0.98989898989899,0.6671299513551078,0.98989898989899,0.0,0.043478260869565216,0.042105263157894736,0.9388185654008439,0.7729468599033816
2363,0.008310249307479223,0.0,0.36898096304591266,0.5802939626537308,0.0,2.3564564550411675e-05,0.7036553524804179,0.0,1.0,0.6879777623349549,1.0,0.0,0.043478260869565216,0.042105263157894736,0.9367088607594937,0.7729468599033816
2364,0.09418282548476455,0.0,0.38577827547592386,0.5075787457591159,0.0,1.4138738730247004e-05,0.6971279373368147,0.0,1.0,0.6469770674079223,1.0,0.0,0.043478260869565216,0.042105263157894736,0.930379746835443,0.7681159420289855
2365,0.09695290858725762,0.0,0.38577827547592386,0.04004708420211962,0.0,4.241621619074101e-05,0.6906005221932116,0.0,1.0,0.6414176511466296,1.0,0.0,0.043478260869565216,0.042105263157894736,0.9282700421940928,0.7681159420289855
2366,0.0997229916897507,0.0,0.36898096304591266,0.3560421824648969,0.0,2.3564564550411675e-05,0.6840731070496084,0.0,1.0,0.6157053509381515,1.0,0.0,0.043478260869565216,0.042105263157894736,0.9251054852320675,0.7681159420289855
2367,0.0997229916897507,0.0,0.34658454647256437,0.003695826134177071,0.0,0.00027806186169485774,0.6762402088772846,0.0,1.0,0.5684503127171647,1.0,0.0,0.04710144927536231,0.042105263157894736,0.9208860759493671,0.7681159420289855
2368,0.0664819944598338,0.0,0.5375139977603584,0.0,0.0,0.0001649519518528817,0.7362924281984335,0.0,0.9797979797979799,0.8102849200833913,0.9797979797979799,0.0,0.010869565217391306,0.007017543859649122,0.9894514767932489,0.7729468599033816
2369,0.06925207756232687,0.0,0.5375139977603584,0.19512110398971041,0.0,0.0001083969969318937,0.731070496083551,0.0,0.9696969696969697,0.8102849200833913,0.9696969696969697,0.0,0.010869565217391306,0.007017543859649122,0.9873417721518988,0.7681159420289855
2370,0.07063711911357341,0.0,0.5442329227323629,0.1913061430598773,0.0,0.0008247597592644086,0.7258485639686685,0.0,0.9696969696969697,0.8137595552466992,0.9696969696969697,0.0,0.010869565217391306,0.007017543859649122,0.9852320675105486,0.7632850241545894
2371,0.07340720221606647,0.0,0.551511758118701,0.18409709352165368,0.0,0.0002874876875150224,0.7206266318537861,0.0,0.9696969696969697,0.8054204308547603,0.9696969696969697,0.0,0.014492753623188406,0.007017543859649122,0.9831223628691984,0.7584541062801932
2372,0.07479224376731301,0.0,0.5587905935050392,0.18853980065519618,0.0,0.00292671891716113,0.7154046997389034,0.0,0.9696969696969697,0.7790132036136207,0.9696969696969697,0.0,0.014492753623188406,0.007017543859649122,0.9831223628691984,0.7536231884057971
2373,0.07756232686980609,0.0,0.5599104143337067,0.22022249658477397,0.0,0.0003628942940763398,0.710182767624021,0.0,0.9696969696969697,0.8130646282140376,0.9595959595959597,0.0,0.014492753623188406,0.010526315789473684,0.9704641350210971,0.7439613526570048
2374,0.006925207756232688,0.0,0.5677491601343786,0.1473914835038598,0.0,0.004514970567858876,0.7049608355091385,0.0,0.9696969696969697,0.7644197359277276,0.9595959595959597,0.0,0.014492753623188406,0.010526315789473684,0.9662447257383967,0.7391304347826088
2375,0.006925207756232688,0.0,0.5755879059350504,0.20877006483802238,0.0,0.009529509904186481,0.699738903394256,0.0,0.9696969696969697,0.0896455872133426,0.9595959595959597,0.0,0.014492753623188406,0.010526315789473684,0.9641350210970464,0.7391304347826088
2376,0.08587257617728532,0.0,0.5839865621500561,0.11911991399839257,0.0,0.00478360660373357,0.6932114882506528,0.0,0.9494949494949496,0.08408617095205004,0.9494949494949496,0.0,0.014492753623188406,0.010526315789473684,0.9609704641350211,0.7391304347826088
2377,0.0886426592797784,0.0,0.5727883538633819,0.10615599680576449,0.0,0.0,0.6879895561357704,0.0,0.9494949494949496,0.0965948575399583,0.9494949494949496,0.0,0.018115942028985504,0.010526315789473684,0.9535864978902954,0.7342995169082125
2378,0.09002770083102493,0.0,0.5677491601343786,0.10071970526410026,0.0,0.0002827747746049401,0.6814621409921673,0.0,0.9494949494949496,0.12925642807505214,0.9494949494949496,0.0,0.018115942028985504,0.010526315789473684,0.9483122362869199,0.7342995169082125
2379,0.09418282548476455,0.0,0.5901455767077268,0.9511235970994278,0.0,0.00018380360349321107,0.6762402088772846,0.0,0.9595959595959597,0.13620569840166782,0.9393939393939394,0.0,0.018115942028985504,0.010526315789473684,0.9440928270042194,0.7294685990338164
2380,0.09833795013850416,0.0,0.605263157894737,0.8436690271946985,0.0,0.0027052120103872603,0.6697127937336815,0.0,0.9595959595959597,0.1341209173036831,0.9393939393939394,0.0,0.018115942028985504,0.014035087719298244,0.9377637130801688,0.7246376811594203
2381,0.10110803324099724,0.0,0.606942889137738,0.6864957012423611,0.0,0.0,0.6631853785900784,0.0,0.9595959595959597,0.11188325225851287,0.9393939393939394,0.0,0.018115942028985504,0.014035087719298244,0.9388185654008439,0.7342995169082125
2382,0.10249307479224376,0.0,0.6220604703247481,0.6489054340676618,0.0,0.0032990390370576344,0.6566579634464753,0.0,0.9595959595959597,0.08895066018068104,0.9393939393939394,0.0,0.021739130434782608,0.014035087719298244,0.9367088607594937,0.7342995169082125
2383,0.10664819944598337,0.0,0.62989921612542,0.5844226159371486,0.0,0.0,0.06266318537859009,0.0,0.9595959595959597,0.6886726893676165,0.9393939393939394,0.0,0.021739130434782608,0.014035087719298244,0.9272151898734177,0.7294685990338164
2384,0.40443213296398894,0.003333333333333333,0.0,0.0,0.4141414141414142,0.00021208108095370506,0.7323759791122717,0.0032,0.05050505050505051,0.22585128561501044,0.4141414141414142,0.0,0.22463768115942032,0.21052631578947364,0.5833333333333334,0.43478260869565216
2385,0.40581717451523547,0.0038888888888888888,0.0,0.0,0.4747474747474748,0.002799470268588907,0.7206266318537861,0.0032,0.5252525252525253,0.22585128561501044,0.43434343434343436,0.0,0.22463768115942032,0.21052631578947364,0.6065400843881856,0.43478260869565216
2386,0.04986149584487535,0.0038888888888888888,0.0,0.0,0.7171717171717172,0.003487555553460928,0.7075718015665797,0.0036000000000000003,0.05050505050505051,0.22585128561501044,0.4141414141414142,0.0,0.22463768115942032,0.21052631578947364,0.669831223628692,0.6280193236714976
2387,0.04293628808864266,0.0038888888888888888,0.0,0.0,0.43434343434343436,6.126786783107035e-05,0.6945169712793735,0.0036000000000000003,0.4747474747474748,0.22585128561501044,0.4545454545454546,0.0,0.22463768115942032,0.21052631578947364,0.680379746835443,0.6038647342995169
2388,0.22437673130193908,0.0038888888888888888,0.041993281075028,0.0,0.6666666666666667,6.126786783107035e-05,0.6814621409921673,0.0032,0.06060606060606061,0.22446143154968728,0.7272727272727273,0.0,0.22463768115942032,0.21052631578947364,0.6814345991561181,0.5797101449275363
2389,0.17451523545706374,0.0038888888888888888,0.04311310190369541,0.0,0.8484848484848485,0.0001225357356621407,0.6697127937336815,0.0036000000000000003,0.8383838383838385,0.22793606671299513,0.08080808080808081,0.0,0.22826086956521743,0.21052631578947364,0.6856540084388186,0.5652173913043478
2390,0.1703601108033241,0.0038888888888888888,0.044792833146696534,0.0,0.8484848484848485,0.00010368408402181136,0.6566579634464753,0.0036000000000000003,0.8383838383838385,0.24669909659485753,0.08080808080808081,0.0,0.22826086956521743,0.21403508771929822,0.6835443037974683,0.5700483091787439
2391,0.16759002770083103,0.0044444444444444444,0.044232922732362824,0.0,0.8383838383838385,8.954534529156437e-05,0.057441253263707574,0.0036000000000000003,0.8383838383838385,0.236275191104934,0.797979797979798,0.0,0.22826086956521743,0.21403508771929822,0.6867088607594937,0.5603864734299516
2392,0.1662049861495845,0.0044444444444444444,0.04591265397536394,0.1801108364197167,0.8383838383838385,0.001899303902763181,0.6318537859007833,0.0036000000000000003,0.8383838383838385,0.2585128561501043,0.08080808080808081,0.0,0.22826086956521743,0.21403508771929822,0.679324894514768,0.5555555555555556
2393,0.1689750692520776,0.0044444444444444444,0.05375139977603583,0.12285506823160595,0.8383838383838385,0.0024365759745125673,0.6201044386422977,0.004,0.8383838383838385,0.26268241834607364,0.08080808080808081,0.0,0.22826086956521743,0.2175438596491228,0.6708860759493671,0.5507246376811594
2394,0.17451523545706374,0.005,0.0509518477043673,0.11645076077482189,0.8383838383838385,0.0017673423412808756,0.6083550913838122,0.004,0.8383838383838385,0.2856150104239055,0.08080808080808081,0.0,0.23188405797101452,0.2175438596491228,0.6582278481012658,0.5314009661835749
2395,0.18005540166204986,0.005,0.05151175811870101,0.10228176316439325,0.8282828282828284,0.0008907405400055613,0.5979112271540471,0.004,0.8484848484848485,0.31132731063238367,0.8181818181818182,0.0,0.23188405797101452,0.2175438596491228,0.6434599156118144,0.5120772946859903
2396,0.1842105263157895,0.005,0.07166853303471446,0.9491301710575413,0.8181818181818182,0.00377504324097595,0.587467362924282,0.0044,0.8585858585858587,0.35580264072272416,0.8383838383838385,0.0,0.2355072463768116,0.22105263157894736,0.6318565400843882,0.497584541062802
2397,0.18559556786703602,0.005,0.06942889137737962,0.9185514724389164,0.08080808080808081,0.002535547145624296,0.5783289817232377,0.0044,0.8686868686868687,0.3432939541348159,0.8484848484848485,0.0,0.2355072463768116,0.2245614035087719,0.6286919831223629,0.49275362318840576
2398,0.18559556786703602,0.005555555555555556,0.07166853303471446,0.9365530062818566,0.08080808080808081,0.0013667447439238772,0.5691906005221933,0.0044,0.8383838383838385,0.34190410006949273,0.8282828282828284,0.0,0.23913043478260873,0.2245614035087719,0.6213080168776371,0.48792270531400966
2399,0.18698060941828257,0.005555555555555556,0.07838745800671892,0.081862560396039,0.797979797979798,0.0006880852848720209,0.5600522193211489,0.0048000000000000004,0.8686868686868687,0.34190410006949273,0.8484848484848485,0.0,0.24275362318840582,0.22807017543859645,0.620253164556962,0.4830917874396135
2400,0.221606648199446,0.005555555555555556,0.0,0.0,0.9696969696969697,1.4138738730247004e-05,0.04830287206266319,0.0044,0.9696969696969697,0.47810979847116053,0.9696969696969697,0.0019801980198019802,0.12681159420289856,0.1263157894736842,0.6592827004219409,0.5458937198067633
2401,0.22299168975069253,0.005555555555555556,0.0,0.7841949342379242,0.9797979797979799,0.0,0.5078328981723238,0.0044,0.9494949494949496,0.47810979847116053,0.9797979797979799,0.0019801980198019802,0.12681159420289856,0.1263157894736842,0.6561181434599156,0.5458937198067633
2402,0.22437673130193908,0.005555555555555556,0.0,0.0010436386073159635,0.9696969696969697,4.712912910082335e-06,0.4960835509138381,0.0044,0.9797979797979799,0.46907574704656013,0.9696969696969697,0.0019801980198019802,0.12681159420289856,0.1263157894736842,0.6508438818565401,0.5410628019323671
2403,0.2257617728531856,0.005555555555555556,0.0,0.7162712017273616,0.9494949494949496,7.540660656131736e-05,0.48563968668407315,0.0048000000000000004,0.9696969696969697,0.4440583738707436,0.9494949494949496,0.0019801980198019802,0.12681159420289856,0.1263157894736842,0.6466244725738397,0.536231884057971
2404,0.22853185595567868,0.005555555555555556,0.017357222844344905,0.052077861331587864,0.9696969696969697,4.712912910082335e-06,0.4751958224543081,0.0048000000000000004,0.9797979797979799,0.41556636553161924,0.9696969696969697,0.0019801980198019802,0.13043478260869568,0.1263157894736842,0.6413502109704641,0.536231884057971
2405,0.23545706371191136,0.005555555555555556,0.017357222844344905,0.43412638903997447,0.9393939393939394,0.0,0.4647519582245431,0.0048000000000000004,0.9595959595959597,0.4447533009034052,0.9393939393939394,0.0019801980198019802,0.13043478260869568,0.12982456140350876,0.6360759493670886,0.536231884057971
2406,0.23961218836565099,0.005555555555555556,0.016237402015677492,0.35775173946748573,0.9393939393939394,0.0,0.4556135770234987,0.0048000000000000004,0.9393939393939394,0.4120917303683113,0.9393939393939394,0.0019801980198019802,0.13043478260869568,0.12982456140350876,0.6339662447257384,0.536231884057971
2407,0.24515235457063714,0.005555555555555556,0.017357222844344905,0.4160228100025544,0.8686868686868687,0.0,0.44778067885117495,0.0048000000000000004,0.8787878787878789,0.3877692842251564,0.8686868686868687,0.0039603960396039604,0.13405797101449277,0.12982456140350876,0.6244725738396624,0.5217391304347826
2408,0.24930747922437674,0.005555555555555556,0.019036954087346025,0.2276161013751704,0.8484848484848485,9.42582582016467e-06,0.43994778067885126,0.0048000000000000004,0.8585858585858587,0.37178596247394025,0.8686868686868687,0.0039603960396039604,0.13405797101449277,0.12982456140350876,0.6181434599156118,0.5265700483091788
2409,0.25207756232686984,0.005555555555555556,0.020716685330347148,0.26305758664049195,0.888888888888889,1.4138738730247004e-05,0.43211488250652746,0.0048000000000000004,0.7676767676767677,0.39610840861709523,0.8383838383838385,0.0039603960396039604,0.13405797101449277,0.1333333333333333,0.610759493670886,0.5169082125603864
2410,0.2673130193905817,0.005555555555555556,0.020156774916013438,0.19869511650765487,0.8181818181818182,0.0,0.42428198433420367,0.0048000000000000004,0.797979797979798,0.40931202223766505,0.8484848484848485,0.0039603960396039604,0.13405797101449277,0.1333333333333333,0.6033755274261603,0.5120772946859903
2411,0.24376731301939059,0.006111111111111111,0.020716685330347148,0.20971825123056123,0.8181818181818182,1.885165164032934e-05,0.41775456919060056,0.005200000000000001,0.8282828282828284,0.39610840861709523,0.8686868686868687,0.0039603960396039604,0.13768115942028986,0.1333333333333333,0.5938818565400843,0.5072463768115942
2412,0.25069252077562326,0.006111111111111111,0.01959686450167973,0.1327915316348253,0.5858585858585859,0.010104485279216526,0.4112271540469974,0.0056,0.8282828282828284,0.30993745656706045,0.8585858585858587,0.0039603960396039604,0.14130434782608697,0.13684210526315788,0.5833333333333334,0.48792270531400966
2413,0.2659279778393352,0.006666666666666666,0.03303471444568869,0.10699130502729866,0.393939393939394,0.004368870267646325,0.4060052219321149,0.006,0.8484848484848485,0.31132731063238367,0.8585858585858587,0.0039603960396039604,0.14130434782608697,0.13684210526315788,0.5727848101265823,0.4734299516908213
2414,0.2673130193905817,0.007222222222222222,0.04759238521836506,0.11438914560757481,0.0,0.00017909069058312874,0.3994778067885118,0.0064,0.8484848484848485,0.3189715079916609,0.8585858585858587,0.0039603960396039604,0.14492753623188406,0.14035087719298242,0.5643459915611815,0.4685990338164251
2415,0.27285318559556787,0.0077777777777777776,0.020156774916013438,0.895778859083944,0.0,0.0009048792787358082,0.3955613577023499,0.0068000000000000005,0.8686868686868687,0.3224461431549687,0.8383838383838385,0.0039603960396039604,0.14855072463768118,0.14035087719298242,0.5580168776371308,0.46376811594202894
2416,0.20360110803324102,0.0044444444444444444,0.3583426651735722,0.0,1.0,0.0007257885881526796,0.4255874673629243,0.0036000000000000003,1.0,0.2863099374565671,1.0,0.0,0.2753623188405797,0.26666666666666666,0.7784810126582279,0.6570048309178743
2417,0.20914127423822715,0.0044444444444444444,0.3583426651735722,0.7903815787083147,1.0,0.0,0.40992167101827676,0.004,1.0,0.2863099374565671,1.0,0.0,0.2789855072463768,0.2701754385964912,0.7774261603375527,0.6570048309178743
2418,0.2105263157894737,0.005,0.36338185890257557,0.7899909795434868,1.0,0.012446802995527447,0.3955613577023499,0.004,1.0,0.27797081306462823,1.0,0.0,0.28260869565217395,0.27368421052631575,0.7732067510548523,0.6570048309178743
2419,0.21191135734072022,0.005,0.3667413213885778,0.8023745400343294,0.98989898989899,0.024493008393697894,0.027415143603133157,0.0044,1.0,0.28978457261987495,1.0,0.0,0.286231884057971,0.2807017543859649,0.7689873417721519,0.6618357487922705
2420,0.21329639889196678,0.005555555555555556,0.3393057110862262,0.7496822273381104,0.98989898989899,0.014873953144219848,0.36553524804177545,0.0044,1.0,0.2863099374565671,1.0,0.0019801980198019802,0.28985507246376807,0.2842105263157894,0.7594936708860759,0.6425120772946861
2421,0.21745152354570638,0.005555555555555556,0.3325867861142217,0.07180358121788821,0.98989898989899,0.01217345404674267,0.35117493472584854,0.0048000000000000004,1.0,0.2647671994440584,1.0,0.0019801980198019802,0.2934782608695652,0.28771929824561404,0.75,0.6328502415458936
2422,0.02077562326869806,0.006111111111111111,0.32866741321388576,0.5481146371885268,0.98989898989899,0.028612094277109854,0.3368146214099217,0.0048000000000000004,1.0,0.2856150104239055,1.0,0.0039603960396039604,0.29710144927536236,0.29473684210526313,0.7447257383966245,0.6280193236714976
2423,0.22299168975069253,0.006111111111111111,0.3309070548712206,0.6109593653510014,0.98989898989899,0.03671359156954139,0.3224543080939948,0.005200000000000001,1.0,0.27241139680333565,1.0,0.0039603960396039604,0.30434782608695654,0.2982456140350877,0.7383966244725738,0.6231884057971014
2424,0.22714681440443216,0.006666666666666666,0.34658454647256437,0.5216246912094729,0.9696969696969697,0.01834736995895053,0.3080939947780679,0.0056,0.98989898989899,0.24739402362751914,0.98989898989899,0.005940594059405941,0.3079710144927536,0.30526315789473685,0.7246835443037976,0.5942028985507246
2425,0.23130193905817176,0.007222222222222222,0.34546472564389696,0.43463832984217776,0.9696969696969697,0.016909931521375418,0.29503916449086165,0.006,0.98989898989899,0.24252953439888814,0.98989898989899,0.007920792079207921,0.3115942028985507,0.30877192982456136,0.7236286919831224,0.5990338164251208
2426,0.24376731301939059,0.007222222222222222,0.3499440089585666,0.3217262115177882,0.9696969696969697,0.016617730920950313,0.2819843342036554,0.006,0.98989898989899,0.24669909659485753,0.98989898989899,0.007920792079207921,0.31884057971014496,0.3157894736842105,0.719409282700422,0.5797101449275363
2427,0.26038781163434904,0.0077777777777777776,0.3449048152295633,0.30185790353330694,0.9696969696969697,0.019629282270492925,0.27023498694516973,0.0064,0.98989898989899,0.24391938846421127,0.98989898989899,0.007920792079207921,0.322463768115942,0.319298245614035,0.7109704641350212,0.5748792270531401
2428,0.26038781163434904,0.008333333333333333,0.34322508398656215,0.28330396801983687,0.9696969696969697,0.021297653440662073,0.024804177545691905,0.007200000000000001,0.98989898989899,0.24878387769284227,0.98989898989899,0.009900990099009901,0.32608695652173914,0.32280701754385965,0.7025316455696203,0.5700483091787439
2429,0.26454293628808867,0.008888888888888889,0.3314669652855543,0.2768378668914387,0.9595959595959597,0.04861369666749928,0.01566579634464752,0.0076,0.9797979797979799,0.2571230020847811,0.9696969696969697,0.01188118811881188,0.3297101449275362,0.32982456140350874,0.6930379746835443,0.5555555555555556
2430,0.2673130193905817,0.009444444444444445,0.3309070548712206,0.17635353784401786,0.9595959595959597,0.03449380958889261,0.24020887728459528,0.008,0.9797979797979799,0.23071577484364142,0.9696969696969697,0.013861386138613862,0.33333333333333337,0.3333333333333333,0.6845991561181435,0.5410628019323671
2431,0.2673130193905817,0.01,0.32866741321388576,2.7610388527857763e-11,0.9595959595959597,0.019200407195675433,0.2310704960835509,0.008400000000000001,0.9797979797979799,0.236275191104934,0.9797979797979799,0.013861386138613862,0.33695652173913043,0.33684210526315783,0.6751054852320675,0.5265700483091788
2432,0.015235457063711912,0.0,0.06270996640537514,0.0,0.9292929292929294,4.712912910082335e-06,0.06919060052219322,0.0,0.9292929292929294,0.4503127171646978,0.9191919191919192,0.0,0.07246376811594203,0.07017543859649122,0.7869198312236287,0.6231884057971014
2433,0.015235457063711912,0.0,0.06270996640537514,0.0,0.9797979797979799,0.0005466978975695509,0.7663185378590079,0.0,0.9696969696969697,0.4503127171646978,0.9595959595959597,0.0,0.07608695652173914,0.0736842105263158,0.7837552742616034,0.6231884057971014
2434,0.018005540166204984,0.0,0.05711086226203808,0.0,0.9797979797979799,1.885165164032934e-05,0.7584856396866841,0.0,0.98989898989899,0.4656011118832523,0.98989898989899,0.0,0.07608695652173914,0.0736842105263158,0.7816455696202531,0.6231884057971014
2435,0.019390581717451522,0.0,0.06830907054871221,0.0,0.98989898989899,3.2990390370576346e-05,0.7506527415143605,0.0,0.9797979797979799,0.4697706740792217,0.9595959595959597,0.0,0.07608695652173914,0.0736842105263158,0.7795358649789029,0.6231884057971014
2436,0.0221606648199446,0.0,0.06438969764837627,0.0,0.9696969696969697,0.0033037519499677166,0.7428198433420367,0.0,0.9797979797979799,0.4593467685892982,0.9696969696969697,0.0,0.07608695652173914,0.07719298245614034,0.7753164556962026,0.6231884057971014
2437,0.023545706371191136,0.0,0.08174692049272117,0.0,0.09090909090909091,0.0010227021014878666,0.7362924281984335,0.0,0.9595959595959597,0.4746351633078527,0.9595959595959597,0.0,0.07971014492753623,0.07719298245614034,0.7721518987341772,0.6280193236714976
2438,0.15235457063711913,0.0,0.09854423292273237,0.0,0.9595959595959597,2.3564564550411675e-05,0.7297650130548303,0.0,0.9696969696969697,0.4683808200138986,0.9696969696969697,0.0,0.07971014492753623,0.08070175438596491,0.770042194092827,0.6280193236714976
2439,0.15235457063711913,0.0,0.09574468085106384,0.0,0.9797979797979799,0.00012724864857222305,0.7232375979112272,0.0,0.9696969696969697,0.4760250173731758,0.9595959595959597,0.0,0.08333333333333333,0.08070175438596491,0.7531645569620253,0.5893719806763285
2440,0.015235457063711912,0.0,0.09742441209406497,0.0,0.9696969696969697,4.712912910082335e-06,0.7167101827676241,0.0,0.9696969696969697,0.47949965253648374,0.9595959595959597,0.0,0.08333333333333333,0.08421052631578947,0.7478902953586497,0.5893719806763285
2441,0.16759002770083103,0.0,0.09686450167973125,0.0,0.8989898989898991,1.4138738730247004e-05,0.710182767624021,0.0,0.9292929292929294,0.5288394718554552,0.9393939393939394,0.0,0.08695652173913043,0.08421052631578947,0.7415611814345991,0.5845410628019323
2442,0.015235457063711912,0.0,0.09742441209406497,0.0,0.5353535353535354,2.3564564550411675e-05,0.7036553524804179,0.0,0.98989898989899,0.5524669909659486,0.9797979797979799,0.0,0.08695652173913043,0.08771929824561403,0.0,0.5748792270531401
2443,0.015235457063711912,0.0,0.11534154535274356,0.0,0.0,4.241621619074101e-05,0.6984334203655354,0.0,0.9595959595959597,0.600416956219597,0.9494949494949496,0.0,0.09057971014492754,0.08771929824561403,0.0,0.5748792270531401
2444,0.1731301939058172,0.0,0.13381858902575589,0.0,0.0,8.483243238148202e-05,0.6932114882506528,0.0,0.9696969696969697,0.6372480889506602,0.9696969696969697,0.0,0.09420289855072464,0.0912280701754386,0.0,0.5748792270531401
2445,0.17590027700831026,0.0,0.14109742441209405,0.0,0.0,8.954534529156437e-05,0.6866840731070497,0.0,0.9797979797979799,0.6323835997220292,0.9696969696969697,0.0,0.09420289855072464,0.0912280701754386,0.0,0.5748792270531401
2446,0.1731301939058172,0.0,0.18253079507278838,0.0,0.0,0.00012724864857222305,0.6814621409921673,0.0,0.9191919191919192,0.5684503127171647,0.9191919191919192,0.0,0.09782608695652173,0.09473684210526315,0.0,0.5700483091787439
2447,0.17174515235457066,0.0,0.1595744680851064,0.0,0.0,0.00016966486476296404,0.6749347258485641,0.0,0.9696969696969697,0.592077831827658,0.9595959595959597,0.0,0.09782608695652173,0.09473684210526315,0.0,0.5652173913043478
2448,0.20914127423822715,0.0011111111111111111,0.0,0.0,0.7676767676767677,0.0002026552551335404,0.21409921671018275,0.0008,0.7575757575757577,0.10284920083391244,0.7676767676767677,0.0,0.06521739130434782,0.38596491228070173,0.6360759493670886,0.6038647342995169
2449,0.21329639889196678,0.0011111111111111111,0.0,0.28192307838252373,0.7777777777777778,0.00022150690677386973,0.20887728459530028,0.0008,0.7676767676767677,0.10284920083391244,0.7777777777777778,0.0,0.06521739130434782,0.38596491228070173,0.6455696202531646,0.6038647342995169
2450,0.21745152354570638,0.0011111111111111111,0.0,0.338546151600495,0.8282828282828284,1.885165164032934e-05,0.20365535248041777,0.0008,0.8282828282828284,0.0896455872133426,0.8282828282828284,0.0,0.39855072463768115,0.38947368421052625,0.6540084388185654,0.6038647342995169
2451,0.21883656509695293,0.0011111111111111111,0.0,0.302298706644441,0.8383838383838385,7.540660656131736e-05,0.19843342036553524,0.0008,0.8383838383838385,0.07644197359277277,0.8383838383838385,0.0,0.4021739130434782,0.3929824561403509,0.6518987341772152,0.6038647342995169
2452,0.221606648199446,0.0011111111111111111,0.027435610302351626,0.27310774125639337,0.6767676767676768,0.0035959525503928215,0.19321148825065276,0.0012000000000000001,0.6666666666666667,0.052814454482279366,0.6767676767676768,0.0,0.4057971014492754,0.3964912280701754,0.640295358649789,0.6038647342995169
2453,0.22437673130193908,0.0011111111111111111,0.00503919372900336,0.3864754243515353,0.7272727272727273,0.00023564564550411675,0.18929503916449086,0.0012000000000000001,0.7272727272727273,0.06393328700486449,0.7272727272727273,0.0,0.41304347826086957,0.39999999999999997,0.6318565400843882,0.5990338164251208
2454,0.22714681440443216,0.0011111111111111111,0.004479283314669653,0.0036259321955420154,0.7272727272727273,4.712912910082335e-05,0.18407310704960836,0.0012000000000000001,0.787878787878788,0.08339124391938847,0.7272727272727273,0.0,0.41666666666666663,0.40350877192982454,0.6318565400843882,0.5845410628019323
2455,0.23130193905817176,0.0011111111111111111,0.0027995520716685334,0.3675263829362421,0.797979797979798,0.0,0.17885117493472585,0.0012000000000000001,0.797979797979798,0.05142460041695622,0.797979797979798,0.0,0.42028985507246375,0.40701754385964906,0.5970464135021096,0.5652173913043478
2456,0.23822714681440443,0.0011111111111111111,0.002239641657334827,0.11777103488468864,0.0,0.0,0.17232375979112272,0.0012000000000000001,0.07070707070707072,0.02571230020847811,0.07070707070707072,0.0,0.4239130434782609,0.4105263157894737,0.5706751054852321,0.5458937198067633
2457,0.2562326869806094,0.0011111111111111111,0.00167973124300112,0.28172094412155674,0.0,0.0004241621619074101,0.16840731070496084,0.0012000000000000001,0.6262626262626263,0.045170257123002086,0.6363636363636365,0.0,0.427536231884058,0.4140350877192982,0.5390295358649789,0.5314009661835749
2458,0.03462603878116344,0.0016666666666666666,0.01959686450167973,0.7138925318579986,0.0,0.000956721320746714,0.16318537859007834,0.0012000000000000001,0.5555555555555556,0.10423905489923559,0.5555555555555556,0.0,0.4311594202898551,0.4140350877192982,0.5189873417721519,0.5120772946859903
2459,0.31578947368421056,0.0016666666666666666,0.020716685330347148,0.8429699583947903,0.0,0.00019322942931337573,0.15926892950391644,0.0012000000000000001,0.5757575757575758,0.09103544127866575,0.5757575757575758,0.0,0.4311594202898551,0.4175438596491228,0.510548523206751,0.49275362318840576
2460,0.0332409972299169,0.0016666666666666666,0.024076147816349387,0.04646800898072675,0.0,0.00044301381354773945,0.15535248041775457,0.0016,0.5555555555555556,0.1723419041000695,0.5555555555555556,0.0,0.43478260869565216,0.42105263157894735,0.5116033755274262,0.4734299516908213
2461,0.3601108033240997,0.0016666666666666666,0.026315789473684213,0.5658460988596924,0.0,0.0,0.1514360313315927,0.0016,0.38383838383838387,0.27032661570535094,0.5454545454545455,0.0,0.43478260869565216,0.42105263157894735,0.501054852320675,0.4734299516908213
2462,0.37119113573407203,0.0016666666666666666,0.027435610302351626,0.6567421003960372,0.0,0.0,0.14751958224543082,0.0016,0.0,0.260597637248089,0.0,0.0,0.43478260869565216,0.42456140350877186,0.4957805907172996,0.4734299516908213
2463,0.3808864265927978,0.0016666666666666666,0.027435610302351626,0.49150779926195387,0.0,0.0,0.14229765013054832,0.0016,0.0,0.226546212647672,0.0,0.0,0.4384057971014492,0.42456140350877186,0.0,0.0
2464,0.3961218836565097,0.007222222222222222,0.0,0.0,0.888888888888889,9.42582582016467e-05,0.304177545691906,0.008,0.888888888888889,0.36483669214732456,0.888888888888889,0.017821782178217824,0.23188405797101452,0.21403508771929822,0.510548523206751,0.5797101449275363
2465,0.39335180055401664,0.007222222222222222,0.0,0.4885412021980153,0.8787878787878789,0.0027193507491175073,0.2963446475195822,0.008,0.8585858585858587,0.36483669214732456,0.8787878787878789,0.017821782178217824,0.2355072463768116,0.22105263157894736,0.501054852320675,0.5797101449275363
2466,0.3961218836565097,0.0077777777777777776,0.0,0.4881101859370935,0.8484848484848485,0.002658082881286437,0.28851174934725854,0.008,0.8484848484848485,0.35580264072272416,0.8484848484848485,0.02772277227722772,0.24275362318840582,0.22807017543859645,0.4957805907172996,0.5797101449275363
2467,0.40581717451523547,0.0077777777777777776,0.0,0.41669041588250627,0.8484848484848485,0.0011216732725995958,0.2819843342036554,0.008400000000000001,0.8484848484848485,0.3551077136900626,0.8484848484848485,0.031683168316831684,0.25,0.2350877192982456,0.48945147679324896,0.5797101449275363
2468,0.045706371191135735,0.0077777777777777776,0.08006718924972005,0.39147185954440805,0.8585858585858587,0.0008813147141853966,0.27415143603133163,0.008400000000000001,0.8585858585858587,0.36205698401667824,0.8585858585858587,0.04950495049504951,0.25362318840579706,0.2421052631578947,0.4820675105485232,0.5555555555555556
2469,0.44598337950138506,0.0077777777777777776,0.0671892497200448,0.4203081369280488,0.8383838383838385,0.0005655495492098802,0.26631853785900783,0.008400000000000001,0.8383838383838385,0.3731758165392634,0.8383838383838385,0.07326732673267326,0.2608695652173913,0.24912280701754386,0.47362869198312235,0.5314009661835749
2470,0.46398891966759004,0.0077777777777777776,0.06886898096304592,0.7722294516572004,0.787878787878788,0.002002987986784992,0.024804177545691905,0.0088,0.787878787878788,0.46143154968728284,0.787878787878788,0.08316831683168316,0.2681159420289855,0.25614035087719295,0.46624472573839665,0.5120772946859903
2471,0.47506925207756234,0.0077777777777777776,0.07390817469204929,0.6947389305790207,0.24242424242424243,0.0008813147141853966,0.018276762402088774,0.0088,0.08080808080808081,0.39819318971507994,0.8181818181818182,0.09306930693069307,0.2753623188405797,0.2631578947368421,0.4651898734177215,0.48792270531400966
2472,0.47506925207756234,0.0077777777777777776,0.07614781634938411,6.767997906982913e-11,0.0,3.770330328065868e-05,0.2454308093994778,0.0088,0.7272727272727273,0.3856845031271717,0.8282828282828284,0.099009900990099,0.28260869565217395,0.2701754385964912,0.46729957805907174,0.5120772946859903
2473,0.47645429362880887,0.008333333333333333,0.07614781634938411,0.6236339962648296,0.0,0.0001225357356621407,0.2389033942558747,0.0088,0.8585858585858587,0.3863794301598332,0.8484848484848485,0.09702970297029703,0.28985507246376807,0.2771929824561403,0.459915611814346,0.49275362318840576
2474,0.4930747922437673,0.008333333333333333,0.06326987681970885,0.36682275791768426,0.0,0.00017909069058312874,0.23368146214099217,0.0088,0.08080808080808081,0.359277275886032,0.8282828282828284,0.09702970297029703,0.3007246376811594,0.28771929824561404,0.4588607594936709,0.48792270531400966
2475,0.4903047091412743,0.008333333333333333,0.055991041433370664,0.3996523511515738,0.0,0.0002874876875150224,0.22715404699738903,0.0088,0.7171717171717172,0.3891591382904795,0.7171717171717172,0.099009900990099,0.3079710144927536,0.29473684210526313,0.45569620253164556,0.4830917874396135
2476,0.4903047091412743,0.008333333333333333,0.05655095184770437,0.3000911913134586,0.0,0.0013903093084742888,0.2206266318537859,0.0088,0.7272727272727273,0.3474635163307853,0.7272727272727273,0.100990099009901,0.31521739130434784,0.3017543859649122,0.45147679324894513,0.4782608695652174
2477,0.4847645429362881,0.008333333333333333,0.055431131019036954,0.1998480795215709,0.0,0.0017107873863598875,0.21540469973890342,0.0088,0.5858585858585859,0.3266157053509382,0.595959595959596,0.10297029702970296,0.322463768115942,0.30877192982456136,0.45147679324894513,0.4685990338164251
2478,0.47645429362880887,0.0077777777777777776,0.05263157894736842,0.20519610100040997,0.0,0.008638769364180919,0.2101827676240209,0.0088,0.5151515151515152,0.2981236970118138,0.05050505050505051,0.10297029702970296,0.3297101449275362,0.3157894736842105,0.44936708860759494,0.45410628019323673
2479,0.46814404432132967,0.0077777777777777776,0.061030235162374026,0.020329991151781714,0.0,0.016862802392274594,0.20365535248041777,0.0088,0.6363636363636365,0.30229325920778316,0.6464646464646465,0.099009900990099,0.33695652173913043,0.32280701754385965,0.4483122362869198,0.44927536231884063
2480,0.18282548476454294,0.0,0.0,0.0,0.787878787878788,0.0,0.9686684073107051,0.0,0.08080808080808081,0.35997220291869353,0.787878787878788,0.0,0.0,0.0,0.7573839662447257,0.6908212560386474
2481,0.18559556786703602,0.0,0.0,0.5669027173864077,0.08080808080808081,0.0,0.9634464751958225,0.0,0.8282828282828284,0.35997220291869353,0.08080808080808081,0.0,0.0,0.0,0.7552742616033755,0.6908212560386474
2482,0.1883656509695291,0.0,0.0,0.5859118574762392,0.8282828282828284,0.0,0.9569190600522194,0.0,0.8484848484848485,0.34607366226546216,0.8282828282828284,0.0,0.0,0.0,0.7573839662447257,0.6908212560386474
2483,0.18975069252077564,0.0,0.0,0.6390841122705567,0.7777777777777778,0.0,0.9503916449086163,0.0,0.797979797979798,0.3134120917303683,0.7777777777777778,0.0,0.0,0.0,0.7563291139240506,0.6956521739130435
2484,0.018005540166204984,0.0,0.05319148936170213,0.7045607454898597,0.8282828282828284,0.0,0.9438642297650132,0.0,0.8484848484848485,0.31966643502432246,0.8282828282828284,0.0,0.0,0.0,0.751054852320675,0.6956521739130435
2485,0.1952908587257618,0.0,0.06886898096304592,0.47261066660624135,0.8282828282828284,0.0,0.9360313315926895,0.0,0.8484848484848485,0.3189715079916609,0.8282828282828284,0.0,0.0,0.0,0.7457805907172995,0.6956521739130435
2486,0.20221606648199447,0.0,0.05991041433370661,0.47917128240228096,0.8484848484848485,0.0,0.9281984334203656,0.0,0.8686868686868687,0.32453092425295343,0.8484848484848485,0.0,0.0,0.0,0.7415611814345991,0.7004830917874396
2487,0.1994459833795014,0.0,0.061030235162374026,0.5705670504508755,0.8484848484848485,0.0,0.9203655352480419,0.0,0.888888888888889,0.3564975677553857,0.8686868686868687,0.0,0.0,0.0,0.7362869198312236,0.7004830917874396
2488,0.20083102493074795,0.0,0.11422172452407615,0.5698095782740008,0.8787878787878789,0.0,0.08877284595300262,0.0,0.888888888888889,0.4044475330090341,0.8787878787878789,0.0,0.0,0.0,0.7362869198312236,0.7004830917874396
2489,0.20360110803324102,0.0,0.09966405375139979,0.504420587982628,0.8989898989898991,0.0,0.07963446475195823,0.0,0.8989898989898991,0.3898540653231411,0.888888888888889,0.0,0.0,0.0,0.7331223628691983,0.7053140096618358
2490,0.019390581717451522,0.0,0.08734602463605824,0.6910844464672464,0.8989898989898991,0.0,0.8929503916449089,0.0,0.09090909090909091,0.453092425295344,0.8989898989898991,0.0,0.0,0.0,0.7320675105485231,0.7053140096618358
2491,0.20775623268698062,0.0,0.1002239641657335,0.4239950254133615,0.09090909090909091,0.0,0.8825065274151437,0.0,0.9191919191919192,0.33842946490618486,0.09090909090909091,0.0,0.0,0.0,0.731012658227848,0.7053140096618358
2492,0.2105263157894737,0.0,0.09966405375139979,0.4592684596617183,0.8585858585858587,0.0,0.8720626631853786,0.0,0.9191919191919192,0.41000694927032666,0.09090909090909091,0.0,0.0,0.0,0.7204641350210971,0.6618357487922705
2493,0.21329639889196678,0.0,0.083986562150056,0.3113341002066239,0.888888888888889,0.0,0.8616187989556137,0.0,0.8585858585858587,0.3683113273106324,0.8484848484848485,0.0,0.0,0.0,0.7162447257383967,0.6521739130434783
2494,0.21606648199445985,0.0,0.07502799552071669,0.3306463704203004,0.9191919191919192,1.885165164032934e-05,0.8511749347258487,0.0,0.9191919191919192,0.39332870048644897,0.8989898989898991,0.0,0.0,0.0,0.7109704641350212,0.6376811594202898
2495,0.21745152354570638,0.0,0.06886898096304592,0.4055821794251347,0.9393939393939394,0.0,0.8420365535248043,0.0,0.9191919191919192,0.330090340514246,0.9191919191919192,0.0,0.0,0.0,0.7130801687763714,0.6618357487922705
2496,0.0221606648199446,0.0,0.3880179171332587,0.0,0.09090909090909091,0.0,0.6018276762402089,0.0,0.888888888888889,0.4120917303683113,0.9696969696969697,0.0039603960396039604,0.2028985507246377,0.20350877192982456,0.8217299578059072,0.6135265700483091
2497,0.23545706371191136,0.0,0.3880179171332587,0.15814820930006074,0.9292929292929294,0.0,0.587467362924282,0.0,0.9494949494949496,0.4120917303683113,0.9292929292929294,0.0039603960396039604,0.20652173913043478,0.2070175438596491,0.820675105485232,0.6135265700483091
2498,0.2368421052631579,0.0,0.3751399776035834,0.16754226802974556,0.9292929292929294,0.0,0.5744125326370758,0.0,0.9494949494949496,0.41556636553161924,0.9292929292929294,0.0039603960396039604,0.20652173913043478,0.2070175438596491,0.8154008438818565,0.6135265700483091
2499,0.23961218836565099,0.0,0.37458006718924974,0.1488693039959946,0.9292929292929294,0.0,0.5613577023498696,0.0,0.9191919191919192,0.4016678248783878,0.9292929292929294,0.005940594059405941,0.21014492753623193,0.21052631578947364,0.8143459915611815,0.608695652173913
2500,0.24238227146814406,0.0,0.36338185890257557,0.14522472022170874,0.09090909090909091,0.0,0.5483028720626633,0.0,0.9191919191919192,0.3891591382904795,0.09090909090909091,0.005940594059405941,0.21014492753623193,0.21403508771929822,0.8164556962025317,0.608695652173913
2501,0.24653739612188366,0.0,0.36338185890257557,0.13920698698781306,0.09090909090909091,0.0,0.535248041775457,0.0,0.9191919191919192,0.3676164002779708,0.09090909090909091,0.005940594059405941,0.21014492753623193,0.2175438596491228,0.8143459915611815,0.6038647342995169
2502,0.25207756232686984,0.0,0.3561030235162374,0.12830135116100927,0.09090909090909091,0.0,0.5234986945169714,0.0,0.09090909090909091,0.4496177901320361,0.09090909090909091,0.0019801980198019802,0.21376811594202902,0.22105263157894736,0.8154008438818565,0.6038647342995169
2503,0.2548476454293629,0.0,0.3583426651735722,0.190583805261582,0.09090909090909091,0.0,0.04177545691906005,0.0,0.9191919191919192,0.3057678943710911,0.09090909090909091,0.0039603960396039604,0.21739130434782608,0.22105263157894736,0.809071729957806,0.5990338164251208
2504,0.257617728531856,0.0,0.3561030235162374,0.13710992642875408,0.8989898989898991,0.0,0.49999999999999994,0.0,0.09090909090909091,0.33495482974287705,0.888888888888889,0.01188118811881188,0.21739130434782608,0.2245614035087719,0.8016877637130801,0.5990338164251208
2505,0.2590027700831025,0.0,0.35498320268756994,0.10354193329096127,0.8989898989898991,0.0,0.4882506527415144,0.0,0.8989898989898991,0.3120222376650452,0.9292929292929294,0.009900990099009901,0.22101449275362323,0.22807017543859645,0.7921940928270043,0.5942028985507246
2506,0.26038781163434904,0.0,0.34210526315789475,0.11899130797336023,0.9595959595959597,0.0,0.4778067885117494,0.0,0.9595959595959597,0.3690062543432939,0.9595959595959597,0.007920792079207921,0.22463768115942032,0.23157894736842102,0.7858649789029536,0.5942028985507246
2507,0.02493074792243767,0.0,0.32530795072788354,0.11870590099616496,0.9494949494949496,0.0,0.46736292428198434,0.0,0.9494949494949496,0.36275191104933985,0.9494949494949496,0.017821782178217824,0.22463768115942032,0.2350877192982456,0.7763713080168776,0.5893719806763285
2508,0.26315789473684215,0.0,0.3090705487122061,0.7885228292089989,0.7676767676767677,0.0,0.45691906005221933,0.0004,0.9191919191919192,0.3564975677553857,0.9191919191919192,0.007920792079207921,0.22826086956521743,0.23859649122807017,0.7689873417721519,0.5797101449275363
2509,0.26454293628808867,0.0,0.28611422172452405,0.7215819250569776,0.05050505050505051,0.0,0.4464751958224544,0.0004,0.9696969696969697,0.3474635163307853,0.9696969696969697,0.03762376237623762,0.23188405797101452,0.2421052631578947,0.760548523206751,0.5748792270531401
2510,0.2673130193905817,0.0,0.2541993281075028,0.5175653318745893,0.0,0.0,0.4360313315926893,0.0004,0.9191919191919192,0.3057678943710911,0.9191919191919192,0.02178217821782178,0.2355072463768116,0.24561403508771926,0.7542194092827004,0.5700483091787439
2511,0.27146814404432135,0.0,0.26147816349384095,0.43667289186646085,0.0,0.0,0.4255874673629243,0.0004,0.09090909090909091,0.28978457261987495,0.09090909090909091,0.015841584158415842,0.23913043478260873,0.24912280701754386,0.7478902953586497,0.5652173913043478
2512,0.0,0.0016666666666666666,0.07726763717805152,0.0,0.98989898989899,7.540660656131736e-05,0.7859007832898174,0.0012000000000000001,0.98989898989899,0.4864489228630994,0.98989898989899,0.0,0.23188405797101452,0.22105263157894736,0.7626582278481012,0.7053140096618358
2513,0.015235457063711912,0.0016666666666666666,0.07726763717805152,0.6058699351983016,0.98989898989899,7.069369365123502e-05,0.06788511749347259,0.0012000000000000001,0.98989898989899,0.4864489228630994,0.98989898989899,0.0,0.23188405797101452,0.22105263157894736,0.7616033755274262,0.7101449275362318
2514,0.01662049861495845,0.0016666666666666666,0.07166853303471446,0.5956282129584458,0.98989898989899,7.540660656131736e-05,0.7610966057441254,0.0012000000000000001,0.98989898989899,0.5045170257123002,0.98989898989899,0.0,0.22826086956521743,0.2175438596491228,0.7594936708860759,0.7101449275362318
2515,0.01662049861495845,0.0016666666666666666,0.07222844344904816,0.586846086636622,0.9797979797979799,0.00022621981968395206,0.7480417754569191,0.0012000000000000001,0.9797979797979799,0.49895760945100764,0.9797979797979799,0.0,0.22826086956521743,0.2175438596491228,0.7563291139240506,0.7053140096618358
2516,0.01662049861495845,0.0016666666666666666,0.07166853303471446,0.6242421538434859,0.98989898989899,5.184204201090568e-05,0.7362924281984335,0.0012000000000000001,0.98989898989899,0.496872828353023,0.98989898989899,0.0,0.22826086956521743,0.2175438596491228,0.7531645569620253,0.7004830917874396
2517,0.015235457063711912,0.0016666666666666666,0.07110862262038074,0.6496336941388628,0.98989898989899,4.712912910082335e-06,0.7245430809399479,0.0012000000000000001,0.98989898989899,0.45448227936066715,0.98989898989899,0.0,0.22463768115942032,0.2175438596491228,0.7489451476793249,0.6956521739130435
2518,0.015235457063711912,0.0016666666666666666,0.07782754759238522,0.5865987885465254,1.0,4.712912910082335e-06,0.7127937336814623,0.0012000000000000001,1.0,0.4294649061848506,1.0,0.0,0.22463768115942032,0.2175438596491228,0.7447257383966245,0.6956521739130435
2519,0.015235457063711912,0.0016666666666666666,0.07614781634938411,0.5317226114479706,1.0,9.42582582016467e-06,0.7010443864229766,0.0012000000000000001,1.0,0.3912439193884642,1.0,0.0,0.22463768115942032,0.2175438596491228,0.7394514767932489,0.6908212560386474
2520,0.015235457063711912,0.0016666666666666666,0.06886898096304592,0.4704045517863756,0.98989898989899,1.885165164032934e-05,0.6906005221932116,0.0016,0.98989898989899,0.3919388464211258,0.98989898989899,0.0,0.22463768115942032,0.2175438596491228,0.7331223628691983,0.6908212560386474
2521,0.015235457063711912,0.0016666666666666666,0.08118701007838747,0.4208097720238258,1.0,1.4138738730247004e-05,0.6801566579634466,0.0016,1.0,0.3919388464211258,1.0,0.0,0.22463768115942032,0.2175438596491228,0.7267932489451476,0.6859903381642511
2522,0.018005540166204984,0.0016666666666666666,0.07614781634938411,0.3801413018135604,0.9797979797979799,7.069369365123502e-05,0.668407310704961,0.0016,0.98989898989899,0.38707435719249483,0.98989898989899,0.0,0.22826086956521743,0.2175438596491228,0.7204641350210971,0.6714975845410628
2523,0.019390581717451522,0.0016666666666666666,0.07558790593505041,0.38039362910281665,0.9696969696969697,4.712912910082335e-06,0.6579634464751959,0.0016,0.9797979797979799,0.3912439193884642,0.9797979797979799,0.0,0.22826086956521743,0.2175438596491228,0.709915611814346,0.6570048309178743
2524,0.0221606648199446,0.0022222222222222222,0.07446808510638299,0.3223012774888358,0.9292929292929294,0.00010368408402181136,0.06005221932114883,0.0016,0.9595959595959597,0.37248088950660185,0.9595959595959597,0.0,0.22826086956521743,0.2175438596491228,0.7035864978902954,0.6521739130434783
2525,0.02493074792243767,0.0022222222222222222,0.06494960806270997,0.2632529130672042,0.9393939393939394,0.00046186546518806884,0.6357702349869453,0.002,0.9696969696969697,0.3697011813759556,0.9696969696969697,0.0,0.23188405797101452,0.22105263157894736,0.6983122362869199,0.6425120772946861
2526,0.013850415512465374,0.0022222222222222222,0.06606942889137739,0.2577131466718435,0.9494949494949496,0.0010886828822290193,0.6253263707571802,0.002,0.98989898989899,0.3676164002779708,0.98989898989899,0.0,0.23188405797101452,0.22105263157894736,0.689873417721519,0.6328502415458936
2527,0.15373961218836565,0.0022222222222222222,0.0671892497200448,0.26522188745909775,0.9494949494949496,0.00022150690677386973,0.6148825065274153,0.002,0.9797979797979799,0.3752605976372481,0.9797979797979799,0.0,0.2355072463768116,0.2245614035087719,0.6814345991561181,0.6183574879227054
2528,0.02077562326869806,0.008333333333333333,0.08062709966405376,0.0,0.9797979797979799,0.0016118162152481586,0.849869451697128,0.007200000000000001,0.9797979797979799,0.37595552466990967,0.9797979797979799,0.0,0.1739130434782609,0.16491228070175437,0.8059071729957806,0.7004830917874396
2529,0.0221606648199446,0.008888888888888889,0.08062709966405376,0.18220905879600077,0.9696969696969697,0.0026627957941965192,0.839425587467363,0.0076,0.9696969696969697,0.37595552466990967,0.9696969696969697,0.0,0.1739130434782609,0.1614035087719298,0.8006329113924051,0.7004830917874396
2530,0.02493074792243767,0.009444444444444445,0.07838745800671892,0.1884550223544597,0.9797979797979799,0.034899120099159686,0.828981723237598,0.008,0.98989898989899,0.37387074357192496,0.98989898989899,0.0,0.1739130434782609,0.1614035087719298,0.7953586497890295,0.6956521739130435
2531,0.15373961218836565,0.010555555555555556,0.08566629339305712,0.20785502243954013,0.9797979797979799,0.0016448066056187348,0.818537859007833,0.0088,0.9797979797979799,0.364141765114663,0.9797979797979799,0.0,0.1739130434782609,0.1614035087719298,0.7911392405063291,0.6908212560386474
2532,0.15650969529085873,0.011111111111111112,0.08510638297872342,0.12779864960536538,0.9696969696969697,0.0005231333330191391,0.8067885117493473,0.0092,0.9797979797979799,0.3676164002779708,0.9797979797979799,0.0,0.1739130434782609,0.1614035087719298,0.7774261603375527,0.6666666666666667
2533,0.1592797783933518,0.011666666666666667,0.08286674132138859,0.32836544985636223,0.9696969696969697,3.2990390370576346e-05,0.7950391644908618,0.01,0.9797979797979799,0.3898540653231411,0.9797979797979799,0.0,0.1739130434782609,0.1614035087719298,0.7542194092827004,0.6280193236714976
2534,0.16204986149584488,0.012777777777777779,0.07782754759238522,0.10712506706075083,0.9494949494949496,1.885165164032934e-05,0.7845953002610967,0.0108,0.9696969696969697,0.472550382209868,0.9696969696969697,0.0,0.1739130434782609,0.16491228070175437,0.7478902953586497,0.6038647342995169
2535,0.1662049861495845,0.013888888888888888,0.07726763717805152,0.22710194732066902,0.9292929292929294,0.0,0.06788511749347259,0.011600000000000001,0.9696969696969697,0.4656011118832523,0.9696969696969697,0.0,0.17753623188405798,0.16491228070175437,0.7436708860759493,0.6038647342995169
2536,0.1703601108033241,0.014444444444444444,0.06998880179171334,0.11577115529318616,0.9696969696969697,1.4138738730247004e-05,0.7610966057441254,0.012400000000000001,0.9696969696969697,0.4447533009034052,0.9696969696969697,0.0,0.17753623188405798,0.16491228070175437,0.7352320675105485,0.5942028985507246
2537,0.1731301939058172,0.015555555555555555,0.07166853303471446,0.010369489280400018,0.8282828282828284,0.00016023903894279938,0.7506527415143605,0.013600000000000001,0.09090909090909091,0.40375260597637247,0.09090909090909091,0.0,0.17753623188405798,0.16491228070175437,0.7246835443037976,0.5748792270531401
2538,0.1772853185595568,0.016666666666666666,0.07166853303471446,0.834332016405245,0.8585858585858587,0.029220060042510477,0.7389033942558748,0.014400000000000001,0.09090909090909091,0.378735232800556,0.09090909090909091,0.0,0.17753623188405798,0.16842105263157894,0.7183544303797469,0.5748792270531401
2539,0.18144044321329642,0.018333333333333333,0.07502799552071669,0.11346391509671942,0.7777777777777778,0.042072173548305,0.7284595300261097,0.015600000000000001,0.8585858585858587,0.3731758165392634,0.8585858585858587,0.0,0.18115942028985507,0.16842105263157894,0.7120253164556962,0.5797101449275363
2540,0.18559556786703602,0.019444444444444445,0.07894736842105264,0.459870181620346,0.686868686868687,0.027542263046521166,0.7167101827676241,0.0172,0.696969696969697,0.3710910354412787,0.686868686868687,0.0,0.18115942028985507,0.1719298245614035,0.7046413502109705,0.5748792270531401
2541,0.18975069252077564,0.021111111111111112,0.08174692049272117,0.00035616063453392075,0.7272727272727273,0.036869117695574105,0.7062663185378592,0.0184,0.787878787878788,0.37248088950660185,0.787878787878788,0.0,0.1847826086956522,0.1719298245614035,0.6940928270042195,0.5555555555555556
2542,0.018005540166204984,0.02277777777777778,0.08286674132138859,0.2568580404797954,0.7777777777777778,0.14378625997370195,0.6958224543080941,0.02,0.888888888888889,0.3585823488533704,0.888888888888889,0.0,0.1847826086956522,0.17543859649122803,0.6888185654008439,0.536231884057971
2543,0.19667590027700832,0.024444444444444446,0.08566629339305712,0.42199202937912045,0.7171717171717172,0.07655655731137745,0.6853785900783291,0.0216,0.8585858585858587,0.34398888116747744,0.8585858585858587,0.0,0.18840579710144928,0.1789473684210526,0.6761603375527426,0.5169082125603864
2544,0.296398891966759,0.003333333333333333,0.16181410974244123,0.0,1.0,0.0,0.6214099216710184,0.0028,1.0,0.18763029881862406,1.0,0.0,0.11594202898550725,0.11228070175438595,0.7257383966244725,0.5217391304347826
2545,0.2991689750692521,0.0038888888888888888,0.16181410974244123,0.6922757435398382,0.9797979797979799,0.0,0.6096605744125327,0.0032,0.98989898989899,0.18763029881862406,0.98989898989899,0.0,0.11594202898550725,0.11228070175438595,0.7204641350210971,0.5217391304347826
2546,0.314404432132964,0.0038888888888888888,0.16349384098544234,0.06385348240378065,0.98989898989899,0.0,0.5966057441253265,0.0032,0.98989898989899,0.14732453092425296,0.98989898989899,0.0,0.11231884057971016,0.11228070175438595,0.7151898734177216,0.5169082125603864
2547,0.029085872576177285,0.0038888888888888888,0.15341545352743563,0.5803705490362039,0.98989898989899,0.0,0.5861618798955615,0.0032,0.98989898989899,0.13620569840166782,0.9797979797979799,0.0,0.11231884057971016,0.11228070175438595,0.7088607594936709,0.5169082125603864
2548,0.2991689750692521,0.0038888888888888888,0.1422172452407615,0.49122875588594206,0.9797979797979799,0.0,0.5744125326370758,0.0032,0.9797979797979799,0.13759555246699098,0.9797979797979799,0.0,0.11231884057971016,0.11228070175438595,0.7014767932489452,0.5120772946859903
2549,0.29085872576177285,0.0038888888888888888,0.13829787234042554,0.0385962076727802,0.9696969696969697,0.0,0.5639686684073109,0.0032,0.9696969696969697,0.13829047949965254,0.9696969696969697,0.0,0.11231884057971016,0.11228070175438595,0.0,0.5120772946859903
2550,0.296398891966759,0.003333333333333333,0.13101903695408737,0.3794728097712678,0.9797979797979799,0.0,0.5535248041775458,0.0032,0.9797979797979799,0.13064628214037527,0.9696969696969697,0.0,0.11231884057971016,0.11228070175438595,0.0,0.5072463768115942
2551,0.32409972299168976,0.003333333333333333,0.13381858902575589,0.34296389924601267,0.9696969696969697,0.0,0.5443864229765014,0.0032,0.9696969696969697,0.1341209173036831,0.9696969696969697,0.0,0.11231884057971016,0.11228070175438595,0.0,0.5072463768115942
2552,0.33240997229916897,0.003333333333333333,0.14389697648376262,3.592442440913027e-11,0.98989898989899,0.00027806186169485774,0.535248041775457,0.0032,0.98989898989899,0.15010423905489925,0.98989898989899,0.0,0.11594202898550725,0.11228070175438595,0.0,0.5024154589371981
2553,0.3379501385041551,0.003333333333333333,0.1511758118701008,0.2932073859916472,0.98989898989899,0.00022621981968395206,0.5261096605744126,0.0032,0.98989898989899,0.20152883947185546,0.98989898989899,0.0,0.11594202898550725,0.11228070175438595,0.0,0.5024154589371981
2554,0.34210526315789475,0.003333333333333333,0.1590145576707727,0.022025204384351554,1.0,0.0,0.04830287206266319,0.0032,1.0,0.24391938846421127,1.0,0.0,0.11956521739130435,0.11578947368421053,0.0,0.497584541062802
2555,0.3282548476454294,0.003333333333333333,0.1595744680851064,0.18640900843231084,0.9696969696969697,4.712912910082335e-06,0.0391644908616188,0.0032,0.98989898989899,0.29881862404447534,0.9797979797979799,0.0,0.11956521739130435,0.11578947368421053,0.0,0.497584541062802
2556,0.3185595567867036,0.0038888888888888888,0.1606942889137738,0.1799125389902703,0.9797979797979799,4.712912910082335e-06,0.5013054830287207,0.0032,0.6666666666666667,0.2675469075747047,0.8383838383838385,0.0,0.12318840579710146,0.11578947368421053,0.0,0.497584541062802
2557,0.31578947368421056,0.0038888888888888888,0.12989921612541994,0.13059398845984588,0.9696969696969697,5.184204201090568e-05,0.49216710182767626,0.0032,1.0,0.23210562890896455,0.98989898989899,0.0,0.12318840579710146,0.11929824561403508,0.0,0.49275362318840576
2558,0.30470914127423826,0.0038888888888888888,0.13101903695408737,0.010635621450402909,0.0,4.241621619074101e-05,0.4843342036553525,0.0036000000000000003,0.9494949494949496,0.26893676164002783,0.9595959595959597,0.0,0.12681159420289856,0.11929824561403508,0.0,0.49275362318840576
2559,0.30886426592797783,0.0038888888888888888,0.16181410974244123,0.08838949461089837,0.0,0.0005325591588393038,0.47650130548302877,0.0036000000000000003,0.98989898989899,0.2738012508686588,0.9797979797979799,0.0,0.12681159420289856,0.12280701754385966,0.0,0.0
2560,0.40166204986149584,0.03666666666666667,0.0,0.0,0.787878787878788,0.002252772371019356,0.22845953002610966,0.037200000000000004,0.8282828282828284,0.501737317581654,0.787878787878788,0.05940594059405941,0.19927536231884058,0.19298245614035084,0.5147679324894515,0.4830917874396135
2561,0.05124653739612188,0.03777777777777778,0.0,0.1419111969618616,0.787878787878788,0.0014798546537658532,0.2232375979112272,0.0388,0.8282828282828284,0.501737317581654,0.787878787878788,0.061386138613861385,0.2028985507246377,0.19298245614035084,0.5094936708860759,0.4830917874396135
2562,0.4487534626038781,0.03944444444444444,0.0,0.9091146579538937,0.787878787878788,0.03712832790562864,0.21671018276762405,0.0412,0.8282828282828284,0.5191104933981932,0.787878787878788,0.07722772277227723,0.2028985507246377,0.1964912280701754,0.5042194092827004,0.4830917874396135
2563,0.46814404432132967,0.04055555555555555,0.0,0.9304051358962708,0.787878787878788,0.009553074468736893,0.21148825065274152,0.0436,0.8282828282828284,0.5267546907574705,0.787878787878788,0.0891089108910891,0.20652173913043478,0.19999999999999998,0.5031645569620253,0.4830917874396135
2564,0.47922437673130197,0.042222222222222223,0.5716685330347145,0.9465306378205313,0.8282828282828284,0.015609167558192694,0.20496083550913838,0.0456,0.8282828282828284,0.6879777623349549,0.8282828282828284,0.13267326732673268,0.21014492753623193,0.20350877192982456,0.5031645569620253,0.5169082125603864
2565,0.5,0.04388888888888889,0.561030235162374,0.01163950385222337,0.08080808080808081,0.006188054650938106,0.1997389033942559,0.0476,0.797979797979798,0.778318276580959,0.08080808080808081,0.15643564356435644,0.21376811594202902,0.2070175438596491,0.49894514767932485,0.5265700483091788
2566,0.5221606648199446,0.04555555555555556,0.5386338185890258,0.871892287781024,0.797979797979798,0.007545373569041818,0.19451697127937337,0.049600000000000005,0.787878787878788,0.585823488533704,0.797979797979798,0.15841584158415842,0.21739130434782608,0.21052631578947364,0.48945147679324896,0.5217391304347826
2567,0.055401662049861494,0.04666666666666667,0.5475923852183651,0.7297065237298971,0.7171717171717172,0.0062163321283986,0.1906005221932115,0.052000000000000005,0.696969696969697,0.6323835997220292,0.7171717171717172,0.16039603960396037,0.22101449275362323,0.21403508771929822,0.4778481012658228,0.5120772946859903
2568,0.055401662049861494,0.04888888888888889,0.5397536394176933,0.6012449399538116,0.7373737373737375,0.017795959148470895,0.185378590078329,0.0548,0.07070707070707072,0.6782487838776928,0.7373737373737375,0.16435643564356436,0.22463768115942032,0.2175438596491228,0.46624472573839665,0.497584541062802
2569,0.055401662049861494,0.051666666666666666,0.5487122060470325,0.5092304714287224,0.6464646464646465,0.02703326845223227,0.1801566579634465,0.058,0.6262626262626263,0.6851980542043086,0.6464646464646465,0.1683168316831683,0.22826086956521743,0.22105263157894736,0.4578059071729958,0.5120772946859903
2570,0.6163434903047091,0.055,0.5643896976483763,0.4459973827957023,0.6464646464646465,0.00010368408402181136,0.1762402088772846,0.062,0.595959595959596,0.65045170257123,0.6464646464646465,0.17029702970297028,0.23188405797101452,0.2245614035087719,0.4525316455696202,0.5265700483091788
2571,0.6703601108033241,0.057777777777777775,0.5531914893617023,0.3666659956293241,0.6262626262626263,0.0006645207203216093,0.17232375979112272,0.0656,0.5858585858585859,0.6184850590687978,0.6262626262626263,0.17425742574257427,0.2355072463768116,0.22807017543859645,0.45042194092827004,0.5603864734299516
2572,0.07202216066481995,0.06055555555555556,0.5683090705487123,0.4434109551855335,0.4444444444444445,0.13869631403081303,0.16840731070496084,0.0692,0.5757575757575758,0.5239749826268242,0.595959595959596,0.18415841584158416,0.23913043478260873,0.23157894736842102,0.4409282700421941,0.5555555555555556
2573,0.7229916897506925,0.06222222222222222,0.5828667413213886,0.26953456882475524,0.29292929292929293,0.23503767973871612,0.16449086161879894,0.0724,0.5757575757575758,0.5406532314107019,0.5757575757575758,0.19603960396039605,0.24275362318840582,0.2350877192982456,0.42616033755274263,0.5314009661835749
2574,0.7451523545706371,0.06388888888888888,0.5912653975363943,0.2702084183078704,0.0,0.22877893139412678,0.1605744125326371,0.0748,0.5656565656565657,0.5045170257123002,0.5555555555555556,0.2118811881188119,0.2463768115942029,0.23859649122807017,0.4177215189873418,0.5217391304347826
2575,0.7659279778393352,0.06444444444444444,0.5856662933930572,0.22631821530994523,0.0,0.20055329597564367,0.1566579634464752,0.07640000000000001,0.5555555555555556,0.47046560111188324,0.5252525252525253,0.2277227722772277,0.25,0.2421052631578947,0.4029535864978903,0.4734299516908213
2576,0.26869806094182824,0.0022222222222222222,0.45072788353863386,0.0,0.22222222222222224,0.0004948558555586452,0.787206266318538,0.002,0.5151515151515152,0.49339819318971506,0.23232323232323235,0.0019801980198019802,0.07971014492753623,0.08070175438596491,0.7890295358649789,0.7391304347826088
2577,0.030470914127423823,0.0022222222222222222,0.45072788353863386,0.5673211233378587,0.22222222222222224,0.0,0.07441253263707573,0.002,0.4545454545454546,0.49339819318971506,0.23232323232323235,0.0019801980198019802,0.07971014492753623,0.08070175438596491,0.7869198312236287,0.7342995169082125
2578,0.27285318559556787,0.0022222222222222222,0.4720044792833146,0.5251195084397416,0.4646464646464647,0.0,0.06657963446475196,0.002,0.7272727272727273,0.5330090340514246,0.7676767676767677,0.0019801980198019802,0.07971014492753623,0.08070175438596491,0.7848101265822784,0.7342995169082125
2579,0.0332409972299169,0.002777777777777778,0.4720044792833146,0.4545331530820035,0.4646464646464647,0.06007078795190944,0.7650130548302874,0.002,0.7272727272727273,0.5191104933981932,0.7676767676767677,0.0019801980198019802,0.08333333333333333,0.08070175438596491,0.7795358649789029,0.7294685990338164
2580,0.03185595567867036,0.002777777777777778,0.47424412094064955,0.4158490024862427,0.21212121212121213,0.006282312909139752,0.7571801566579636,0.002,0.5454545454545455,0.48505906879777627,0.05050505050505051,0.0019801980198019802,0.08333333333333333,0.08421052631578947,0.7742616033755274,0.7198067632850241
2581,0.29224376731301943,0.002777777777777778,0.4692049272116462,0.37630451346422655,0.48484848484848486,0.00018380360349321107,0.7506527415143605,0.0024000000000000002,0.5757575757575758,0.5427380125086866,0.5252525252525253,0.0019801980198019802,0.08333333333333333,0.08421052631578947,0.7679324894514767,0.7198067632850241
2582,0.3185595567867036,0.002777777777777778,0.4871220604703248,0.32508558944678567,0.6666666666666667,0.0,0.7441253263707572,0.0024000000000000002,0.7474747474747475,0.5420430854760251,0.7171717171717172,0.0039603960396039604,0.08695652173913043,0.08771929824561403,0.7742616033755274,0.7198067632850241
2583,0.3767313019390582,0.002777777777777778,0.5291153415453529,0.4572131573118515,0.8484848484848485,0.00022621981968395206,0.7389033942558748,0.0024000000000000002,0.9191919191919192,0.4607366226546213,0.09090909090909091,0.005940594059405941,0.08695652173913043,0.08771929824561403,0.770042194092827,0.7198067632850241
2584,0.38227146814404434,0.002777777777777778,0.4955207166853303,0.46273214321534645,0.9292929292929294,0.0047364774746327465,0.7336814621409923,0.0024000000000000002,0.98989898989899,0.4419735927727589,0.98989898989899,0.01188118811881188,0.08695652173913043,0.0912280701754386,0.7626582278481012,0.7149758454106281
2585,0.368421052631579,0.002777777777777778,0.4468085106382979,0.29430292784945283,0.9696969696969697,0.20135449117035767,0.7284595300261097,0.0024000000000000002,1.0,0.4440583738707436,0.98989898989899,0.013861386138613862,0.09057971014492754,0.0912280701754386,0.7552742616033755,0.7101449275362318
2586,0.38365650969529086,0.002777777777777778,0.4087346024636058,0.21779392817308096,0.9797979797979799,0.011273287680916944,0.7232375979112272,0.0024000000000000002,0.9595959595959597,0.44544822793606675,0.9696969696969697,0.015841584158415842,0.09420289855072464,0.09473684210526315,0.7457805907172995,0.7004830917874396
2587,0.368421052631579,0.002777777777777778,0.3796192609182531,0.18065189677486357,0.98989898989899,0.0006880852848720209,0.7193211488250654,0.0024000000000000002,1.0,0.4593467685892982,1.0,0.017821782178217824,0.09420289855072464,0.09473684210526315,0.7383966244725738,0.7053140096618358
2588,0.35318559556786705,0.003333333333333333,0.3309070548712206,0.2125894494678235,0.7777777777777778,0.0019370072060438397,0.714099216710183,0.0024000000000000002,1.0,0.4815844336344684,0.9797979797979799,0.015841584158415842,0.09782608695652173,0.09824561403508772,0.7289029535864978,0.6908212560386474
2589,0.35318559556786705,0.003333333333333333,0.2732362821948488,0.011593028158260923,0.48484848484848486,0.035756870248794675,0.710182767624021,0.0028,1.0,0.4343293954134816,1.0,0.015841584158415842,0.10144927536231883,0.10175438596491228,0.7204641350210971,0.6714975845410628
2590,0.3490304709141274,0.003333333333333333,0.24076147816349383,0.8912128209301561,0.07070707070707072,0.07997813208409722,0.7062663185378592,0.0028,1.0,0.39332870048644897,1.0,0.013861386138613862,0.10144927536231883,0.10175438596491228,0.709915611814346,0.6376811594202898
2591,0.3545706371191136,0.003333333333333333,0.25083986562150057,0.7896822772244326,0.04040404040404041,0.0038504498475372675,0.7023498694516972,0.0032,1.0,0.38846421125781794,1.0,0.01188118811881188,0.10507246376811595,0.10526315789473684,0.7056962025316456,0.6425120772946861
2592,0.10249307479224376,0.0005555555555555556,0.10638297872340426,0.0,1.0,0.0016353807797985702,0.8250652741514362,0.0004,1.0,0.2529534398888117,1.0,0.0,0.18840579710144928,0.17543859649122803,0.8818565400843882,0.6425120772946861
2593,0.10526315789473684,0.0005555555555555556,0.10638297872340426,0.03869067426108133,1.0,0.0016212420410683232,0.8015665796344649,0.0004,1.0,0.2529534398888117,1.0,0.0,0.1847826086956522,0.1719298245614035,0.8776371308016877,0.6425120772946861
2594,0.10664819944598337,0.0005555555555555556,0.10134378499440092,0.3778243971688685,0.98989898989899,0.0,0.07180156657963448,0.0004,0.98989898989899,0.24252953439888814,0.98989898989899,0.0,0.1847826086956522,0.1719298245614035,0.8744725738396624,0.6425120772946861
2595,0.009695290858725761,0.0005555555555555556,0.09742441209406497,0.36698204216777325,0.9696969696969697,0.0006221045041308682,0.751958224543081,0.0004,0.9696969696969697,0.23974982626824187,0.9696969696969697,0.0,0.18115942028985507,0.1719298245614035,0.871308016877637,0.6425120772946861
2596,0.11080332409972299,0.0005555555555555556,0.09630459126539755,0.03884159531025717,0.9595959595959597,0.0,0.7323759791122717,0.0004,0.9595959595959597,0.2571230020847811,0.9595959595959597,0.0,0.18115942028985507,0.16842105263157894,0.8691983122362869,0.6425120772946861
2597,0.11218836565096953,0.0005555555555555556,0.09406494960806272,0.3085752836210125,0.9494949494949496,0.00041002342317716315,0.7154046997389034,0.0004,0.9494949494949496,0.27310632383599726,0.9494949494949496,0.0,0.18115942028985507,0.16842105263157894,0.871308016877637,0.6425120772946861
2598,0.1149584487534626,0.0005555555555555556,0.09630459126539755,0.2928855855581487,0.9393939393939394,0.0,0.7062663185378592,0.0004,0.9494949494949496,0.3127171646977068,0.9393939393939394,0.0,0.18115942028985507,0.16842105263157894,0.8765822784810127,0.6376811594202898
2599,0.11634349030470914,0.0005555555555555556,0.10358342665173574,0.40105267495905933,0.9292929292929294,0.0002592102100545284,0.7023498694516972,0.0004,0.9494949494949496,0.2036136205698402,0.9292929292929294,0.0,0.18115942028985507,0.16842105263157894,0.8744725738396624,0.6328502415458936
2600,0.11911357340720222,0.0005555555555555556,0.09406494960806272,0.37656713183577645,0.9292929292929294,0.0,0.7062663185378592,0.0004,0.9494949494949496,0.17859624739402363,0.9292929292929294,0.0,0.18115942028985507,0.16842105263157894,0.871308016877637,0.6231884057971014
2601,0.12188365650969529,0.0005555555555555556,0.09686450167973125,0.37561399807912155,0.9292929292929294,0.0,0.7154046997389034,0.0004,0.9494949494949496,0.16191799861014594,0.9292929292929294,0.0,0.18115942028985507,0.16842105263157894,0.8681434599156118,0.6183574879227054
2602,0.12603878116343492,0.0005555555555555556,0.09966405375139979,0.34329854277312133,0.9292929292929294,0.00013667447439238772,0.7258485639686685,0.0004,0.9494949494949496,0.16122307157748436,0.9494949494949496,0.0,0.18115942028985507,0.16842105263157894,0.8628691983122362,0.608695652173913
2603,0.13019390581717452,0.0005555555555555556,0.09854423292273237,0.29773619030232956,0.9292929292929294,0.00010368408402181136,0.731070496083551,0.0004,0.9494949494949496,0.17095205003474637,0.9494949494949496,0.0,0.1847826086956522,0.16842105263157894,0.8575949367088607,0.5990338164251208
2604,0.13434903047091415,0.0005555555555555556,0.09686450167973125,0.2776399933566011,0.9292929292929294,0.00019794234222345806,0.7284595300261097,0.0004,0.9494949494949496,0.1841556636553162,0.9494949494949496,0.0,0.1847826086956522,0.1719298245614035,0.8523206751054853,0.5942028985507246
2605,0.013850415512465374,0.0005555555555555556,0.09574468085106384,0.2603138513419466,0.9292929292929294,0.00024978438423436375,0.7180156657963448,0.0004,0.9494949494949496,0.18902015288394722,0.9494949494949496,0.0,0.18840579710144928,0.1719298245614035,0.8470464135021097,0.5845410628019323
2606,0.018005540166204984,0.0005555555555555556,0.0929451287793953,0.24415681928681868,0.9292929292929294,0.00014138738730247005,0.7049608355091385,0.0004,0.9494949494949496,0.1723419041000695,0.9494949494949496,0.0,0.18840579710144928,0.17543859649122803,0.8417721518987342,0.5797101449275363
2607,0.0221606648199446,0.0005555555555555556,0.09126539753639418,0.26339360864235295,0.9292929292929294,0.0003251909907956811,0.6932114882506528,0.0004,0.9494949494949496,0.16539263377345378,0.9494949494949496,0.0,0.1920289855072464,0.17543859649122803,0.8343881856540085,0.5700483091787439
2608,0.1592797783933518,0.0,0.3370660694288914,0.0,0.9595959595959597,0.0,0.8224543080939949,0.0,0.9595959595959597,0.5962473940236276,0.9595959595959597,0.0,0.050724637681159424,0.045614035087719294,0.8375527426160337,0.748792270531401
2609,0.16066481994459836,0.0,0.3370660694288914,0.46440614284132664,0.9595959595959597,0.0,0.8146214099216711,0.0,0.9595959595959597,0.5962473940236276,0.9595959595959597,0.0,0.050724637681159424,0.045614035087719294,0.8343881856540085,0.748792270531401
2610,0.16066481994459836,0.0,0.32530795072788354,0.4836019821212468,0.9494949494949496,0.0,0.808093994778068,0.0,0.9494949494949496,0.6031966643502432,0.9494949494949496,0.0,0.050724637681159424,0.045614035087719294,0.8312236286919832,0.748792270531401
2611,0.16204986149584488,0.0,0.322508398656215,0.34028057864350264,0.9595959595959597,0.0,0.8002610966057442,0.0,0.9595959595959597,0.6073662265462128,0.9595959595959597,0.0,0.050724637681159424,0.04912280701754386,0.8270042194092827,0.748792270531401
2612,0.15235457063711913,0.0,0.3337066069428891,0.4186025199272316,0.9595959595959597,0.0,0.7937336814621411,0.0004,0.9595959595959597,0.5941626129256429,0.9595959595959597,0.0,0.050724637681159424,0.04912280701754386,0.8227848101265823,0.748792270531401
2613,0.16204986149584488,0.0,0.3471444568868981,0.2335386647602479,0.9595959595959597,0.0,0.7859007832898174,0.0004,0.9595959595959597,0.5997220291869355,0.9595959595959597,0.0,0.050724637681159424,0.04912280701754386,0.819620253164557,0.7536231884057971
2614,0.16204986149584488,0.0,0.3729003359462486,0.1874830398937658,0.9595959595959597,0.0,0.07441253263707573,0.0004,0.9595959595959597,0.610145934676859,0.9595959595959597,0.0,0.050724637681159424,0.04912280701754386,0.8164556962025317,0.748792270531401
2615,0.16343490304709143,0.0005555555555555556,0.37793952967525196,0.24772301740948635,0.9494949494949496,0.0,0.06657963446475196,0.0004,0.9494949494949496,0.5677553856845031,0.9494949494949496,0.0,0.05434782608695653,0.04912280701754386,0.8122362869198312,0.7584541062801932
2616,0.1703601108033241,0.0005555555555555556,0.3729003359462486,0.14496981587981278,0.9494949494949496,0.0,0.7637075718015667,0.0004,0.9494949494949496,0.5719249478804727,0.9494949494949496,0.0,0.05434782608695653,0.04912280701754386,0.8016877637130801,0.7391304347826088
2617,0.16066481994459836,0.0005555555555555556,0.36786114221724525,0.17150556824834615,0.9595959595959597,0.0,0.7558746736292429,0.0004,0.9595959595959597,0.7762334954829744,0.9595959595959597,0.0,0.05434782608695653,0.052631578947368425,0.7974683544303798,0.7342995169082125
2618,0.1689750692520776,0.0005555555555555556,0.35498320268756994,0.15279698533649705,0.9696969696969697,0.0,0.7480417754569191,0.0004,0.9696969696969697,0.7748436414176512,0.9696969696969697,0.0,0.05434782608695653,0.052631578947368425,0.7943037974683544,0.748792270531401
2619,0.16759002770083103,0.0005555555555555556,0.31634938409854424,0.0883814828899958,0.9494949494949496,0.0,0.7402088772845954,0.0004,0.9595959595959597,0.8054204308547603,0.9494949494949496,0.0,0.057971014492753624,0.052631578947368425,0.7911392405063291,0.748792270531401
2620,0.1662049861495845,0.0005555555555555556,0.2855543113101904,0.16110587021761433,0.9191919191919192,0.0,0.731070496083551,0.0004,0.9191919191919192,0.453092425295344,0.9191919191919192,0.0,0.057971014492753624,0.052631578947368425,0.7879746835443038,0.7246376811594203
2621,0.1703601108033241,0.0005555555555555556,0.32754759238521836,0.2751421347024896,0.9595959595959597,0.0,0.7219321148825066,0.0004,0.9393939393939394,0.49895760945100764,0.9595959595959597,0.0,0.057971014492753624,0.056140350877192984,0.7869198312236287,0.7101449275362318
2622,0.1689750692520776,0.0005555555555555556,0.3622620380739082,0.42217710278635023,0.9494949494949496,0.0,0.714099216710183,0.0004,0.9494949494949496,0.5184155663655317,0.9494949494949496,0.0,0.06159420289855072,0.056140350877192984,0.7827004219409283,0.6859903381642511
2623,0.18005540166204986,0.0005555555555555556,0.3717805151175812,0.6470261009012794,0.9292929292929294,0.0,0.7049608355091385,0.0004,0.9292929292929294,0.5434329395413482,0.09090909090909091,0.0,0.06159420289855072,0.056140350877192984,0.7784810126582279,0.6763285024154589
2624,0.25346260387811637,0.008333333333333333,0.0,0.0,1.0,0.00010368408402181136,0.570496083550914,0.0068000000000000005,1.0,0.4058373870743572,1.0,0.0,0.10507246376811595,0.10526315789473684,0.7352320675105485,0.5845410628019323
2625,0.25346260387811637,0.008888888888888889,0.0,4.435343221651187e-11,1.0,3.770330328065868e-05,0.5600522193211489,0.007200000000000001,1.0,0.4058373870743572,1.0,0.0,0.10507246376811595,0.10526315789473684,0.7278481012658228,0.5845410628019323
2626,0.2548476454293629,0.009444444444444445,0.0,0.019194143681852488,1.0,0.0,0.5483028720626633,0.0076,1.0,0.4391938846421126,1.0,0.0,0.10507246376811595,0.10526315789473684,0.7183544303797469,0.5797101449275363
2627,0.25346260387811637,0.01,0.0,0.1674169000481166,1.0,0.0,0.5378590078328983,0.008400000000000001,1.0,0.45100764419735934,1.0,0.0,0.10507246376811595,0.10526315789473684,0.709915611814346,0.5797101449275363
2628,0.25207756232686984,0.010555555555555556,0.15789473684210528,0.14092307897440046,1.0,0.0022433465451991916,0.5274151436031332,0.0088,1.0,0.3926337734537874,1.0,0.0,0.10507246376811595,0.10526315789473684,0.70042194092827,0.5797101449275363
2629,0.25207756232686984,0.011111111111111112,0.1522956326987682,0.11965456878309848,1.0,0.0005514108104796332,0.04830287206266319,0.0092,1.0,0.3710910354412787,1.0,0.0019801980198019802,0.10507246376811595,0.10526315789473684,0.6930379746835443,0.5748792270531401
2630,0.25207756232686984,0.011666666666666667,0.1427771556550952,0.9296821328001043,0.98989898989899,0.0,0.0391644908616188,0.009600000000000001,1.0,0.438498957609451,0.98989898989899,0.0019801980198019802,0.10869565217391305,0.10526315789473684,0.6867088607594937,0.5700483091787439
2631,0.25346260387811637,0.012222222222222223,0.13157894736842105,0.13913171697761104,0.9191919191919192,9.42582582016467e-06,0.49999999999999994,0.01,0.98989898989899,0.41139680333564976,0.98989898989899,0.0039603960396039604,0.10869565217391305,0.10526315789473684,0.679324894514768,0.5748792270531401
2632,0.25346260387811637,0.012222222222222223,0.11982082866741323,0.9306340923190378,1.0,0.004067243841401055,0.49216710182767626,0.010400000000000001,0.98989898989899,0.40375260597637247,0.9696969696969697,0.0039603960396039604,0.10869565217391305,0.10526315789473684,0.6656118143459916,0.5700483091787439
2633,0.2548476454293629,0.012777777777777779,0.1091825307950728,0.7739864405316317,0.98989898989899,0.0038787273249977616,0.4843342036553525,0.0108,0.9494949494949496,0.38151494093120225,0.9696969696969697,0.005940594059405941,0.11231884057971016,0.10877192982456141,0.6603375527426161,0.5700483091787439
2634,0.26454293628808867,0.013333333333333332,0.09910414333706608,0.40199758384306966,1.0,0.003473416814730681,0.47650130548302877,0.0112,1.0,0.3551077136900626,1.0,0.0039603960396039604,0.11231884057971016,0.10877192982456141,0.6540084388185654,0.5652173913043478
2635,0.25207756232686984,0.013333333333333332,0.08846584546472566,0.3447576336577496,1.0,0.0003534684682561751,0.4699738903394256,0.011600000000000001,1.0,0.3551077136900626,1.0,0.0039603960396039604,0.11231884057971016,0.10877192982456141,0.6466244725738397,0.5603864734299516
2636,0.25207756232686984,0.013888888888888888,0.08566629339305712,0.2856850137097673,1.0,0.00040059759735699843,0.46214099216710186,0.012,1.0,0.359277275886032,0.98989898989899,0.0039603960396039604,0.11594202898550725,0.11228070175438595,0.640295358649789,0.5458937198067633
2637,0.2562326869806094,0.015,0.08174692049272117,0.25035701171398106,0.6262626262626263,0.00011782282275205837,0.4556135770234987,0.0128,1.0,0.37804030576789444,1.0,0.0019801980198019802,0.11594202898550725,0.11228070175438595,0.6329113924050632,0.5314009661835749
2638,0.2548476454293629,0.015555555555555555,0.08510638297872342,0.43736028660188503,0.0,0.00010368408402181136,0.44778067885117495,0.013600000000000001,1.0,0.36692147324530927,1.0,0.0019801980198019802,0.11956521739130435,0.11228070175438595,0.6265822784810127,0.5169082125603864
2639,0.26038781163434904,0.016666666666666666,0.08902575587905937,0.4858959972938439,0.0,0.0003770330328065868,0.4412532637075718,0.014400000000000001,1.0,0.3676164002779708,1.0,0.0,0.11956521739130435,0.11578947368421053,0.0,0.5120772946859903
2640,0.01662049861495845,0.0,0.0,0.0,0.6464646464646465,0.00018380360349321107,0.6827676240208878,0.0,0.6565656565656566,0.3613620569840167,0.6464646464646465,0.0,0.050724637681159424,0.045614035087719294,0.630801687763713,0.5217391304347826
2641,0.1842105263157895,0.0,0.0,0.5657503026773016,0.6464646464646465,4.712912910082335e-05,0.6723237597911228,0.0,0.6565656565656566,0.3613620569840167,0.6464646464646465,0.0,0.050724637681159424,0.045614035087719294,0.6286919831223629,0.5217391304347826
2642,0.18559556786703602,0.0,0.0,0.04482854033760527,0.6464646464646465,0.0,0.6618798955613578,0.0,0.6565656565656566,0.27241139680333565,0.6464646464646465,0.0,0.050724637681159424,0.045614035087719294,0.6234177215189873,0.5217391304347826
2643,0.18975069252077564,0.0,0.0,0.42869595416294953,0.6464646464646465,0.0,0.06266318537859009,0.0,0.6565656565656566,0.2571230020847811,0.6464646464646465,0.0,0.050724637681159424,0.045614035087719294,0.6244725738396624,0.5217391304347826
2644,0.19390581717451524,0.0,0.04703247480403135,0.45873016847624165,0.6363636363636365,0.0,0.6383812010443864,0.0,0.6565656565656566,0.2675469075747047,0.6565656565656566,0.0,0.050724637681159424,0.045614035087719294,0.6234177215189873,0.5217391304347826
2645,0.1994459833795014,0.0,0.0503919372900336,0.4726426050108401,0.6262626262626263,0.0,0.6279373368146215,0.0,0.6666666666666667,0.32731063238359975,0.6565656565656566,0.0,0.050724637681159424,0.045614035087719294,0.6223628691983122,0.5217391304347826
2646,0.20498614958448755,0.0,0.04591265397536394,0.36169095904833587,0.6262626262626263,0.0,0.6161879895561359,0.0,0.6666666666666667,0.27102154273801254,0.6666666666666667,0.0,0.050724637681159424,0.04912280701754386,0.6213080168776371,0.5169082125603864
2647,0.2105263157894737,0.0,0.06550951847704367,0.03459098747804042,0.6161616161616162,0.0,0.6057441253263708,0.0,0.6666666666666667,0.25434329395413485,0.6767676767676768,0.0,0.050724637681159424,0.04912280701754386,0.6139240506329113,0.5169082125603864
2648,0.21606648199445985,0.0,0.055991041433370664,0.3430569665251807,0.06060606060606061,0.0,0.5953002610966058,0.0,0.6767676767676768,0.2550382209867964,0.6767676767676768,0.0,0.05434782608695653,0.04912280701754386,0.610759493670886,0.5169082125603864
2649,0.221606648199446,0.0,0.055431131019036954,0.43269210308832506,0.595959595959596,0.0,0.5835509138381202,0.0,0.6767676767676768,0.27519110493398197,0.686868686868687,0.0,0.05434782608695653,0.04912280701754386,0.6033755274261603,0.5120772946859903
2650,0.22714681440443216,0.0,0.048712206047032476,0.3378518059947787,0.6161616161616162,1.4138738730247004e-05,0.5731070496083551,0.0,0.6767676767676768,0.26893676164002783,0.686868686868687,0.0,0.05434782608695653,0.04912280701754386,0.0,0.5120772946859903
2651,0.2326869806094183,0.0,0.04703247480403135,0.3347196900924641,0.6363636363636365,0.0,0.5626631853785902,0.0,0.6767676767676768,0.2863099374565671,0.696969696969697,0.0,0.05434782608695653,0.04912280701754386,0.0,0.5169082125603864
2652,0.23822714681440443,0.0,0.06662933930571109,0.2734351286093991,0.6464646464646465,0.0007776306301635852,0.5522193211488251,0.0,0.6767676767676768,0.29186935371785966,0.696969696969697,0.0,0.05434782608695653,0.052631578947368425,0.0,0.5024154589371981
2653,0.24238227146814406,0.0,0.06886898096304592,0.17142023793668396,0.6666666666666667,0.0004760042039183158,0.5430809399477808,0.0,0.6767676767676768,0.24461431549687285,0.07070707070707072,0.0,0.057971014492753624,0.052631578947368425,0.0,0.49275362318840576
2654,0.24653739612188366,0.0,0.0503919372900336,0.016337489244697904,0.686868686868687,3.2990390370576346e-05,0.5339425587467364,0.0,0.6767676767676768,0.2341904100069493,0.07070707070707072,0.0,0.057971014492753624,0.052631578947368425,0.0,0.48792270531400966
2655,0.023545706371191136,0.0,0.0671892497200448,0.21936952571642657,0.07070707070707072,4.241621619074101e-05,0.5234986945169714,0.0,0.6767676767676768,0.22793606671299513,0.7171717171717172,0.0,0.057971014492753624,0.056140350877192984,0.0,0.46376811594202894
2656,0.21606648199445985,0.005,0.36170212765957444,0.0,0.8787878787878789,0.0,0.797650130548303,0.004,0.8787878787878789,0.3655316191799861,0.8787878787878789,0.0,0.05434782608695653,0.04912280701754386,0.8111814345991561,0.6908212560386474
2657,0.21745152354570638,0.005,0.36170212765957444,0.0,0.787878787878788,0.0,0.7898172323759792,0.004,0.797979797979798,0.3655316191799861,0.787878787878788,0.0,0.05434782608695653,0.04912280701754386,0.8132911392405063,0.6859903381642511
2658,0.21883656509695293,0.005,0.3751399776035834,0.0,0.8282828282828284,0.0,0.7832898172323761,0.004,0.8282828282828284,0.3432939541348159,0.8282828282828284,0.0,0.05434782608695653,0.04912280701754386,0.8122362869198312,0.6859903381642511
2659,0.221606648199446,0.005,0.37458006718924974,0.0,0.8181818181818182,4.712912910082335e-06,0.07049608355091386,0.004,0.7373737373737375,0.3335649756775539,0.8181818181818182,0.0,0.05434782608695653,0.04912280701754386,0.809071729957806,0.6811594202898551
2660,0.21745152354570638,0.005,0.37681970884658456,0.0,0.787878787878788,0.0,0.7689295039164492,0.004,0.787878787878788,0.364141765114663,0.787878787878788,0.0,0.05434782608695653,0.04912280701754386,0.7974683544303798,0.6811594202898551
2661,0.21745152354570638,0.005,0.40369540873460247,0.0,0.787878787878788,0.0,0.7610966057441254,0.004,0.7474747474747475,0.3752605976372481,0.787878787878788,0.0,0.05434782608695653,0.04912280701754386,0.7953586497890295,0.6763285024154589
2662,0.22853185595567868,0.005,0.4244120940649496,0.0,0.8484848484848485,0.0,0.7545691906005223,0.004,0.7575757575757577,0.40375260597637247,0.8484848484848485,0.0,0.05434782608695653,0.04912280701754386,0.7953586497890295,0.6763285024154589
2663,0.23130193905817176,0.005,0.4574468085106383,0.0,0.5353535353535354,0.0,0.7467362924281986,0.004,0.7676767676767677,0.27658095899930507,0.05050505050505051,0.0,0.05434782608695653,0.04912280701754386,0.7858649789029536,0.6473429951690821
2664,0.22714681440443216,0.005,0.486562150055991,0.0,0.6262626262626263,0.00015081321312263471,0.7389033942558748,0.004,0.6767676767676768,0.36483669214732456,0.6262626262626263,0.0,0.05434782608695653,0.04912280701754386,0.7679324894514767,0.6231884057971014
2665,0.22437673130193908,0.005,0.46248600223964165,0.0,0.7171717171717172,0.00036760720698642214,0.7323759791122717,0.0044,0.7373737373737375,0.3370396108408617,0.7171717171717172,0.0,0.05434782608695653,0.052631578947368425,0.7531645569620253,0.5990338164251208
2666,0.21745152354570638,0.005,0.4428891377379619,0.0,0.888888888888889,0.0,0.7245430809399479,0.0044,0.08080808080808081,0.32592077831827665,0.8787878787878789,0.0,0.057971014492753624,0.052631578947368425,0.7383966244725738,0.5700483091787439
2667,0.221606648199446,0.005555555555555556,0.42217245240761475,0.0,0.8282828282828284,0.0,0.7167101827676241,0.0044,0.8383838383838385,0.33217512161223073,0.8686868686868687,0.0,0.057971014492753624,0.052631578947368425,0.7246835443037976,0.5603864734299516
2668,0.2368421052631579,0.005555555555555556,0.35218365061590146,0.0,0.7272727272727273,0.0,0.7088772845953003,0.0048000000000000004,0.8686868686868687,0.3425990271021543,0.686868686868687,0.0,0.057971014492753624,0.052631578947368425,0.7257383966244725,0.5603864734299516
2669,0.22991689750692523,0.005555555555555556,0.38521836506159013,0.0,0.06060606060606061,0.011273287680916944,0.7010443864229766,0.0048000000000000004,0.8181818181818182,0.3425990271021543,0.6565656565656566,0.0,0.057971014492753624,0.056140350877192984,0.7215189873417722,0.5314009661835749
2670,0.2326869806094183,0.005555555555555556,0.4501679731243002,0.0,0.5353535353535354,0.0005419849846594685,0.6932114882506528,0.0048000000000000004,0.8787878787878789,0.36205698401667824,0.07070707070707072,0.0,0.06159420289855072,0.056140350877192984,0.7088607594936709,0.5024154589371981
2671,0.23130193905817176,0.006111111111111111,0.44792833146696526,0.0,0.05050505050505051,0.00010368408402181136,0.6840731070496084,0.005200000000000001,0.8686868686868687,0.3412091730368312,0.7777777777777778,0.0,0.06159420289855072,0.056140350877192984,0.7067510548523207,0.5120772946859903
2672,0.17451523545706374,0.015555555555555555,0.2284434490481523,0.0,0.9797979797979799,0.0012065057049810777,0.21540469973890342,0.014,0.9797979797979799,0.5350938151494093,0.9797979797979799,0.0,0.5108695652173912,0.5052631578947369,0.7151898734177216,0.608695652173913
2673,0.17590027700831026,0.015555555555555555,0.2284434490481523,0.0,0.9595959595959597,0.07084921977726774,0.20496083550913838,0.014,0.9696969696969697,0.5350938151494093,0.9595959595959597,0.0,0.5144927536231885,0.5122807017543859,0.7120253164556962,0.6038647342995169
2674,0.1772853185595568,0.015555555555555555,0.22340425531914895,0.0,0.595959595959596,0.005292601198022462,0.195822454308094,0.014,0.9393939393939394,0.4982626824183461,0.595959595959596,0.0,0.5144927536231885,0.519298245614035,0.7046413502109705,0.5942028985507246
2675,0.01662049861495845,0.01611111111111111,0.23012318029115345,0.0,0.9797979797979799,0.0027240636620275895,0.18668407310704963,0.014400000000000001,0.9797979797979799,0.4836692147324531,0.9797979797979799,0.0,0.5181159420289855,0.5228070175438596,0.6983122362869199,0.5893719806763285
2676,0.18005540166204986,0.01611111111111111,0.2200447928331467,0.0,0.9595959595959597,0.0035346846825617512,0.17885117493472585,0.014400000000000001,0.9696969696969697,0.4308547602501738,0.9595959595959597,0.0,0.5181159420289855,0.5298245614035088,0.6909282700421941,0.5797101449275363
2677,0.18282548476454294,0.01611111111111111,0.219484882418813,0.0,0.888888888888889,0.013238572364421278,0.16971279373368148,0.014,0.9494949494949496,0.4419735927727589,0.9393939393939394,0.0,0.5217391304347826,0.5368421052631579,0.6824894514767933,0.5748792270531401
2678,0.1842105263157895,0.01611111111111111,0.21556550951847706,0.0,0.9494949494949496,0.031020392774161926,0.1618798955613577,0.014,0.9797979797979799,0.4447533009034052,0.9696969696969697,0.0,0.5253623188405797,0.5403508771929824,0.6761603375527426,0.5652173913043478
2679,0.18559556786703602,0.015555555555555555,0.1998880179171333,0.0,0.8787878787878789,0.0016589453443489818,0.15535248041775457,0.014,0.9393939393939394,0.38429464906184857,0.9393939393939394,0.0019801980198019802,0.5289855072463768,0.5473684210526315,0.6677215189873418,0.5603864734299516
2680,0.18698060941828257,0.015555555555555555,0.167973124300112,0.0,0.6767676767676768,8.011951947139969e-05,0.14751958224543082,0.014,0.9292929292929294,0.47949965253648374,0.9292929292929294,0.0019801980198019802,0.5362318840579711,0.5508771929824561,0.6592827004219409,0.5507246376811594
2681,0.18698060941828257,0.015555555555555555,0.1427771556550952,0.0,0.9393939393939394,0.009322141736142858,0.1409921671018277,0.014,0.9494949494949496,0.3863794301598332,0.9494949494949496,0.0019801980198019802,0.5434782608695652,0.5543859649122806,0.6518987341772152,0.5458937198067633
2682,0.18698060941828257,0.01611111111111111,0.1506159014557671,0.0,0.9494949494949496,0.0019322942931337573,0.13446475195822455,0.014400000000000001,0.9494949494949496,0.37387074357192496,0.9595959595959597,0.0019801980198019802,0.5507246376811594,0.5578947368421052,0.6424050632911392,0.536231884057971
2683,0.18698060941828257,0.01611111111111111,0.1595744680851064,0.0,0.9494949494949496,0.0010227021014878666,0.011749347258485641,0.014400000000000001,0.9696969696969697,0.41000694927032666,0.9696969696969697,0.0019801980198019802,0.5543478260869565,0.5614035087719298,0.6339662447257384,0.5314009661835749
2684,0.1883656509695291,0.016666666666666666,0.12206047032474805,0.0,0.787878787878788,0.010825560954459123,0.005221932114882507,0.0148,0.9696969696969697,0.33634468380820015,1.0,0.0019801980198019802,0.5615942028985507,0.5649122807017544,0.6244725738396624,0.5265700483091788
2685,0.1883656509695291,0.016666666666666666,0.11310190369540873,0.0,0.0,0.03183572670760617,0.0,0.015600000000000001,0.9292929292929294,0.3266157053509382,0.7575757575757577,0.0019801980198019802,0.5615942028985507,0.5684210526315789,0.6160337552742615,0.5169082125603864
2686,0.18975069252077564,0.017777777777777778,0.10246360582306832,0.0,0.0,0.05682830386977279,0.11227154046997391,0.0164,0.9696969696969697,0.359277275886032,0.9696969696969697,0.0,0.5652173913043478,0.5719298245614034,0.6075949367088607,0.5120772946859903
2687,0.19113573407202217,0.018333333333333333,0.08902575587905937,0.0,0.0,0.07781961797127951,0.10704960835509139,0.0172,0.9696969696969697,0.33981931897150797,0.9696969696969697,0.0,0.568840579710145,0.5719298245614034,0.600210970464135,0.5024154589371981
2688,0.30886426592797783,0.020555555555555556,0.0,0.0,0.696969696969697,0.0022056432419185327,0.5261096605744126,0.0188,0.6363636363636365,0.3919388464211258,0.696969696969697,0.0,0.4891304347826087,0.4666666666666666,0.5263713080168776,0.43478260869565216
2689,0.314404432132964,0.020555555555555556,0.0,0.0,0.7373737373737375,0.0038410240217171027,0.04438642297650131,0.0188,0.6767676767676768,0.3919388464211258,0.7373737373737375,0.0,0.49275362318840576,0.4701754385964912,0.5274261603375527,0.43478260869565216
2690,0.31163434903047094,0.02,0.00167973124300112,0.0,0.7373737373737375,0.001885165164032934,0.503916449086162,0.0184,0.6767676767676768,0.4016678248783878,0.7373737373737375,0.0,0.49275362318840576,0.4701754385964912,0.5253164556962026,0.43478260869565216
2691,0.3254847645429363,0.02,0.00167973124300112,0.0,0.6767676767676768,0.010260011405249243,0.49216710182767626,0.0184,0.686868686868687,0.39819318971507994,0.6767676767676768,0.0,0.49275362318840576,0.47368421052631576,0.5210970464135021,0.43478260869565216
2692,0.32271468144044324,0.019444444444444445,0.00167973124300112,0.0,0.696969696969697,0.012611754947380328,0.48172323759791125,0.018000000000000002,0.696969696969697,0.3752605976372481,0.696969696969697,0.0,0.49275362318840576,0.47368421052631576,0.520042194092827,0.4154589371980676
2693,0.3213296398891967,0.019444444444444445,0.0027995520716685334,0.0,0.7676767676767677,0.0024035855841419906,0.4725848563968669,0.018000000000000002,0.7777777777777778,0.359277275886032,0.7676767676767677,0.0,0.49275362318840576,0.4771929824561403,0.5147679324894515,0.4106280193236715
2694,0.32409972299168976,0.02,0.0011198208286674134,0.0,0.7676767676767677,0.0006126786783107036,0.46214099216710186,0.0184,0.7676767676767677,0.3697011813759556,0.7676767676767677,0.0,0.4963768115942029,0.4771929824561403,0.5094936708860759,0.4057971014492754
2695,0.3282548476454294,0.020555555555555556,0.00167973124300112,0.0,0.787878787878788,3.2990390370576346e-05,0.4530026109660575,0.0188,0.787878787878788,0.35580264072272416,0.787878787878788,0.0,0.4963768115942029,0.4771929824561403,0.5063291139240507,0.4106280193236715
2696,0.03185595567867036,0.021111111111111112,0.002239641657334827,0.0,0.797979797979798,6.126786783107035e-05,0.44516971279373374,0.0196,0.797979797979798,0.34190410006949273,0.797979797979798,0.0,0.4963768115942029,0.4807017543859649,0.5031645569620253,0.4154589371980676
2697,0.33379501385041555,0.021666666666666667,0.00167973124300112,0.0,0.787878787878788,0.03807562340055518,0.43733681462140994,0.0204,0.787878787878788,0.33495482974287705,0.787878787878788,0.0,0.5,0.4807017543859649,0.501054852320675,0.42028985507246375
2698,0.3379501385041551,0.022222222222222223,0.00167973124300112,0.0,0.08080808080808081,0.029620657639867473,0.42950391644908614,0.0212,0.08080808080808081,0.31827658095899936,0.797979797979798,0.0,0.5,0.4807017543859649,0.4957805907172996,0.4154589371980676
2699,0.3407202216066482,0.023333333333333334,0.0027995520716685334,0.0,0.43434343434343436,0.05989169726132631,0.4216710182767624,0.0224,0.7272727272727273,0.34051424600416963,0.7272727272727273,0.0,0.5,0.4842105263157894,0.48945147679324896,0.4057971014492754
2700,0.34349030470914127,0.02388888888888889,0.00167973124300112,0.0,0.38383838383838387,0.04022942460046281,0.4138381201044387,0.023200000000000002,0.6161616161616162,0.3474635163307853,0.6161616161616162,0.0,0.5036231884057971,0.4842105263157894,0.4820675105485232,0.3961352657004831
2701,0.0332409972299169,0.025,0.0033594624860022407,0.0,0.31313131313131315,0.004194492489973278,0.40731070496083555,0.0244,0.6464646464646465,0.29325920778318276,0.6565656565656566,0.0,0.5036231884057971,0.487719298245614,0.4746835443037975,0.3864734299516908
2702,0.3462603878116344,0.025555555555555557,0.003919372900335946,0.0,0.19191919191919193,0.002285762761389932,0.4007832898172324,0.0252,0.7373737373737375,0.3015983321751216,0.7373737373737375,0.0,0.5036231884057971,0.487719298245614,0.46835443037974683,0.3816425120772947
2703,0.3476454293628809,0.026666666666666665,0.0033594624860022407,0.0,0.14141414141414144,0.0,0.39425587467362927,0.0264,0.7474747474747475,0.2876997915218902,0.7474747474747475,0.0,0.5072463768115942,0.49122807017543857,0.459915611814346,0.3719806763285024
2704,0.0443213296398892,0.015,0.0,0.0,0.09090909090909091,4.241621619074101e-05,0.2924281984334204,0.016,0.09090909090909091,0.3467685892981237,0.09090909090909091,0.0792079207920792,0.22463768115942032,0.21052631578947364,0.6075949367088607,0.6038647342995169
2705,0.43351800554016623,0.015555555555555555,0.0,0.1969926531108996,0.8686868686868687,4.241621619074101e-05,0.28459530026109664,0.0164,0.787878787878788,0.3467685892981237,0.8686868686868687,0.08316831683168316,0.22463768115942032,0.21403508771929822,0.6012658227848101,0.6038647342995169
2706,0.45290858725761773,0.01611111111111111,0.13437849944008962,0.20657151179656627,0.797979797979798,0.0001649519518528817,0.2780678851174935,0.016800000000000002,0.7474747474747475,0.3467685892981237,0.797979797979798,0.09306930693069307,0.22826086956521743,0.21403508771929822,0.5959915611814346,0.6038647342995169
2707,0.481994459833795,0.01611111111111111,0.1444568868980963,0.19724073529490405,0.787878787878788,0.004222769967433772,0.27023498694516973,0.0172,0.07070707070707072,0.3412091730368312,0.787878787878788,0.1089108910891089,0.23188405797101452,0.2175438596491228,0.5843881856540085,0.5942028985507246
2708,0.5055401662049862,0.01611111111111111,0.1433370660694289,0.1833487306769543,0.8181818181818182,0.06237068945202962,0.26370757180156656,0.0176,0.8383838383838385,0.296038915913829,0.8181818181818182,0.12277227722772277,0.2355072463768116,0.22105263157894736,0.5727848101265823,0.5797101449275363
2709,0.5013850415512465,0.016666666666666666,0.13773796192609186,0.18466965115345213,0.8383838383838385,0.0742472299854371,0.022193211488250653,0.018000000000000002,0.08080808080808081,0.30646282140375264,0.8383838383838385,0.13267326732673268,0.23913043478260873,0.2245614035087719,0.5622362869198313,0.5700483091787439
2710,0.5083102493074793,0.016666666666666666,0.12821948488241883,0.14410769310904084,0.9494949494949496,0.0001225357356621407,0.01566579634464752,0.0188,0.9393939393939394,0.3287004864489229,0.9494949494949496,0.1782178217821782,0.23913043478260873,0.22807017543859645,0.5464135021097046,0.5603864734299516
2711,0.060941828254847646,0.017222222222222222,0.11814109742441212,0.15393239388211552,0.8787878787878789,0.0006598078074115268,0.24412532637075718,0.0196,0.09090909090909091,0.33842946490618486,0.8787878787878789,0.23366336633663368,0.24275362318840582,0.23157894736842102,0.5316455696202531,0.5507246376811594
2712,0.6731301939058172,0.017777777777777778,0.11590145576707728,0.10869418841712442,0.08080808080808081,0.002521408406894049,0.23759791122715407,0.0204,0.7777777777777778,0.3036831132731064,0.08080808080808081,0.26732673267326734,0.2463768115942029,0.2350877192982456,0.5189873417721519,0.536231884057971
2713,0.7271468144044322,0.018333333333333333,0.12541993281075028,0.1863078181486005,0.8181818181818182,0.0021632270257277916,0.23237597911227156,0.020800000000000003,0.8383838383838385,0.42460041695621964,0.8181818181818182,0.31287128712871287,0.25,0.23859649122807017,0.5052742616033755,0.5265700483091788
2714,0.7659279778393352,0.01888888888888889,0.12989921612541994,0.012208078811835705,0.8282828282828284,0.00021208108095370506,0.22715404699738903,0.022000000000000002,0.8484848484848485,0.5253648366921473,0.8282828282828284,0.3346534653465347,0.25362318840579706,0.2421052631578947,0.4926160337552743,0.5169082125603864
2715,0.7991689750692521,0.02,0.13717805151175813,0.8383686246964678,0.0,0.0001649519518528817,0.22193211488250653,0.0236,0.8484848484848485,0.5093815149409312,0.8383838383838385,0.34653465346534656,0.2572463768115942,0.24561403508771926,0.4810126582278481,0.5072463768115942
2716,0.08725761772853186,0.021666666666666667,0.12989921612541994,0.6589871978448463,0.0,0.004152076273782537,0.21671018276762405,0.024800000000000003,0.8585858585858587,0.5684503127171647,0.8383838383838385,0.3584158415841584,0.2608695652173913,0.24912280701754386,0.46729957805907174,0.49275362318840576
2717,0.09418282548476455,0.02277777777777778,0.13605823068309073,0.5413281016808861,0.0,0.11799248761682134,0.21279373368146215,0.0264,0.8585858585858587,0.4815844336344684,0.8484848484848485,0.36237623762376237,0.2644927536231884,0.2526315789473684,0.45675105485232065,0.4830917874396135
2718,0.8448753462603878,0.02388888888888889,0.14557670772676373,0.469076814560912,0.0,0.08010538073266944,0.2101827676240209,0.028,0.8686868686868687,0.45587213342599026,0.8585858585858587,0.3663366336633664,0.2644927536231884,0.25614035087719295,0.4472573839662447,0.4734299516908213
2719,0.8490304709141274,0.024444444444444446,0.14613661814109744,0.45692281559136705,0.0,0.1457703963088466,0.206266318537859,0.028800000000000003,0.8585858585858587,0.49756775538568454,0.8585858585858587,0.3683168316831683,0.2681159420289855,0.2596491228070175,0.4409282700421941,0.46376811594202894
2720,0.46398891966759004,0.012222222222222223,0.36338185890257557,0.0,0.8787878787878789,0.0,0.402088772845953,0.0128,0.888888888888889,0.44753300903405147,0.8787878787878789,0.1207920792079208,0.19927536231884058,0.1894736842105263,0.5348101265822784,0.497584541062802
2721,0.5124653739612188,0.012777777777777779,0.36338185890257557,0.10840484153832282,0.9191919191919192,0.0,0.3955613577023499,0.013600000000000001,0.9292929292929294,0.44753300903405147,0.9191919191919192,0.12277227722772277,0.21014492753623193,0.1964912280701754,0.5253164556962026,0.497584541062802
2722,0.551246537396122,0.013888888888888888,0.3572228443449048,0.10684338523077523,0.9595959595959597,0.0,0.03655352480417755,0.014400000000000001,0.9595959595959597,0.47810979847116053,0.9595959595959597,0.13267326732673268,0.22101449275362323,0.2070175438596491,0.5147679324894515,0.5024154589371981
2723,0.592797783933518,0.014444444444444444,0.3404255319148936,0.9275540086801093,0.9797979797979799,0.0,0.03002610966057441,0.015600000000000001,0.9595959595959597,0.46490618485059076,0.9595959595959597,0.1722772277227723,0.23188405797101452,0.22105263157894736,0.48945147679324896,0.4734299516908213
2724,0.6412742382271468,0.015555555555555555,0.33538633818589025,0.6385590504160572,0.9494949494949496,0.0,0.3772845953002611,0.016800000000000002,0.9393939393939394,0.438498957609451,0.9393939393939394,0.2613861386138614,0.24275362318840582,0.23157894736842102,0.4767932489451477,0.48792270531400966
2725,0.7285318559556787,0.01611111111111111,0.2911534154535274,0.5339669577572529,0.09090909090909091,0.04569640357615832,0.370757180156658,0.0176,0.8989898989898991,0.3731758165392634,0.8989898989898991,0.3089108910891089,0.25362318840579706,0.2421052631578947,0.459915611814346,0.4830917874396135
2726,0.8116343490304709,0.016666666666666666,0.25923852183650614,0.10417401865513201,0.7373737373737375,0.004020114712300232,0.36553524804177545,0.018000000000000002,0.696969696969697,0.43502432244614314,0.7373737373737375,0.3564356435643565,0.2681159420289855,0.25614035087719295,0.4419831223628692,0.4782608695652174
2727,0.8739612188365651,0.016666666666666666,0.19876819708846585,0.2087788124733273,0.7575757575757577,0.0,0.360313315926893,0.0184,0.7575757575757577,0.344683808200139,0.7575757575757577,0.403960396039604,0.2789855072463768,0.2701754385964912,0.44409282700421937,0.4685990338164251
2728,0.09141274238227147,0.01611111111111111,0.21668533034714446,0.2986384724438984,0.7272727272727273,0.001140524924239925,0.35509138381201044,0.0184,0.7373737373737375,0.310632383599722,0.7373737373737375,0.4673267326732673,0.2934782608695652,0.2842105263157894,0.43670886075949367,0.46376811594202894
2729,0.008310249307479223,0.015555555555555555,0.2553191489361702,0.3431880147803693,0.686868686868687,0.000999137536937455,0.35117493472584854,0.018000000000000002,0.7171717171717172,0.35580264072272416,0.07070707070707072,0.5287128712871287,0.3079710144927536,0.2982456140350877,0.430379746835443,0.45893719806763283
2730,0.9916897506925207,0.015555555555555555,0.23124300111982082,0.008731817903117818,0.6565656565656566,0.0019794234222345808,0.34595300261096606,0.0172,0.696969696969697,0.44753300903405147,0.686868686868687,0.598019801980198,0.322463768115942,0.31228070175438594,0.42827004219409287,0.44927536231884063
2731,1.0,0.015,0.2435610302351624,0.0,0.686868686868687,0.00014610030021255238,0.3407310704960836,0.016800000000000002,0.6767676767676768,0.49548297428769983,0.6565656565656566,0.6633663366336634,0.33695652173913043,0.32631578947368417,0.4293248945147679,0.4444444444444444
2732,0.9889196675900277,0.014444444444444444,0.22676371780515117,0.0,0.07070707070707072,0.00470348708426217,0.33550913838120106,0.0164,0.07070707070707072,0.453092425295344,0.686868686868687,0.7247524752475248,0.35144927536231885,0.343859649122807,0.4409282700421941,0.45893719806763283
2733,0.0997229916897507,0.013888888888888888,0.24748040313549832,0.0,0.7373737373737375,0.0014327255246650299,0.3302872062663186,0.016,0.7373737373737375,0.4537873523280056,0.7171717171717172,0.7861386138613861,0.03985507246376811,0.042105263157894736,0.45042194092827004,0.4830917874396135
2734,0.9487534626038782,0.013888888888888888,0.09574468085106384,0.0,0.7676767676767677,0.002493130929433555,0.32506527415143605,0.015600000000000001,0.7676767676767677,0.4280750521195275,0.7575757575757577,0.8316831683168318,0.05434782608695653,0.056140350877192984,0.45042194092827004,0.4734299516908213
2735,0.9196675900277008,0.013333333333333332,0.093505039193729,0.0,0.797979797979798,0.0069892498456521025,0.31984334203655357,0.015600000000000001,0.787878787878788,0.49339819318971506,0.787878787878788,0.8594059405940594,0.39492753623188404,0.38947368421052625,0.4578059071729958,0.4734299516908213
